 930.2700	 300.6809	  12.7553
 100.0000	 301.3066	  12.1187	   0.7576	   8.2944
 200.0000	 301.5748	  11.8258	   1.2048	  10.7424
 300.0000	 301.8210	  11.6217	   1.8524	  12.3628
 400.0000	 302.0640	  11.4346	   2.7236	  13.5884
 500.0000	 302.3091	  11.2435	   3.6876	  14.5664
 600.0000	 302.5863	  11.0455	   4.7152	  15.2188
 700.0000	 302.8793	  10.8400	   5.6784	  15.6852
 800.0000	 303.2420	  10.6210	   6.6772	  15.9784
 900.0000	 303.6545	  10.4053	   7.6544	  16.1296
1000.0000	 304.0913	  10.1498	   8.6552	  16.1852
1100.0000	 304.5114	   9.8831	   9.6224	  16.1052
1200.0000	 304.9252	   9.6111	  10.6232	  15.9568
1300.0000	 305.3238	   9.3118	  11.5976	  15.7388
1400.0000	 305.7130	   8.9749	  12.5660	  15.5000
1500.0000	 306.1373	   8.6386	  13.5264	  15.2052
1600.0000	 306.5767	   8.2755	  14.4188	  14.9388
1700.0000	 307.0289	   7.9164	  15.2828	  14.6796
1800.0000	 307.4768	   7.5445	  16.0944	  14.4012
1900.0000	 307.9330	   7.1967	  16.7924	  14.1524
2000.0000	 308.3972	   6.8459	  17.4372	  13.9108
2100.0000	 308.8640	   6.5037	  18.0392	  13.6436
2200.0000	 309.3236	   6.1824	  18.5548	  13.3600
2300.0000	 309.7774	   5.8790	  18.9964	  13.1220
2400.0000	 310.1882	   5.6401	  19.4172	  12.9740
2500.0000	 310.5919	   5.4362	  19.8484	  12.8468
2600.0000	 310.9971	   5.2462	  20.2068	  12.7352
2700.0000	 311.4041	   5.0454	  20.5688	  12.6812
2800.0000	 311.8159	   4.8536	  20.9160	  12.6480
2900.0000	 312.2328	   4.6771	  21.2124	  12.6192
3000.0000	 312.6408	   4.5041	  21.4808	  12.5924
3100.0000	 313.0398	   4.3510	  21.6768	  12.5360
3200.0000	 313.4185	   4.1979	  21.8232	  12.4780
3300.0000	 313.7912	   4.0553	  21.9688	  12.4468
3400.0000	 314.1589	   3.8991	  22.1072	  12.4468
3500.0000	 314.5219	   3.7553	  22.2656	  12.4448
3600.0000	 314.8908	   3.6279	  22.4316	  12.4372
3700.0000	 315.2534	   3.5024	  22.6052	  12.4440
3800.0000	 315.6045	   3.3824	  22.7888	  12.4548
3900.0000	 315.9557	   3.2748	  22.9712	  12.4420
4000.0000	 316.3053	   3.1803	  23.1468	  12.4176
4100.0000	 316.6503	   3.1059	  23.3136	  12.3876
4200.0000	 316.9978	   3.0396	  23.4668	  12.3488
4300.0000	 317.3476	   2.9734	  23.6228	  12.3020
4400.0000	 317.6976	   2.9096	  23.7756	  12.2492
4500.0000	 318.0556	   2.8509	  23.9084	  12.1936
4600.0000	 318.4152	   2.7909	  24.0196	  12.1284
4700.0000	 318.7836	   2.7222	  24.1264	  12.0532
4800.0000	 319.1697	   2.6456	  24.2264	  11.9744
4900.0000	 319.5734	   2.5688	  24.3096	  11.8940
5000.0000	 319.9799	   2.4929	  24.3748	  11.8084
5100.0000	 320.3888	   2.4160	  24.4040	  11.7100
5200.0000	 320.8118	   2.3354	  24.4172	  11.6144
5300.0000	 321.2480	   2.2469	  24.4116	  11.5252
5400.0000	 321.6938	   2.1576	  24.4060	  11.4356
5500.0000	 322.1362	   2.0692	  24.3968	  11.3504
5600.0000	 322.5841	   1.9780	  24.3972	  11.2668
5700.0000	 323.0314	   1.8864	  24.3992	  11.1968
5800.0000	 323.4971	   1.7998	  24.3636	  11.1384
5900.0000	 323.9564	   1.7175	  24.3268	  11.0756
6000.0000	 324.4132	   1.6359	  24.2956	  11.0124
6100.0000	 324.8575	   1.5560	  24.2768	  10.9568
6200.0000	 325.2961	   1.4805	  24.2388	  10.9052
6300.0000	 325.7376	   1.4090	  24.1992	  10.8552
6400.0000	 326.1757	   1.3390	  24.1736	  10.7900
6500.0000	 326.5958	   1.2729	  24.1576	  10.7024
6600.0000	 326.9972	   1.2100	  24.1612	  10.6020
6700.0000	 327.3942	   1.1506	  24.1540	  10.5036
6800.0000	 327.7857	   1.0950	  24.1420	  10.4084
6900.0000	 328.1717	   1.0421	  24.1352	  10.3200
7000.0000	 328.5399	   0.9916	  24.1480	  10.2108
7100.0000	 328.8941	   0.9431	  24.1548	  10.0972
7200.0000	 329.2419	   0.8972	  24.1504	   9.9948
7300.0000	 329.5714	   0.8536	  24.1416	   9.8976
7400.0000	 329.9052	   0.8121	  24.1328	   9.8032
7500.0000	 330.2238	   0.7725	  24.1248	   9.7044
7600.0000	 330.5370	   0.7342	  24.1104	   9.6192
7700.0000	 330.8475	   0.6983	  24.0944	   9.5500
7800.0000	 331.1477	   0.6647	  24.0764	   9.4788
7900.0000	 331.4550	   0.6330	  24.0580	   9.4064
8000.0000	 331.7591	   0.6025	  24.0344	   9.3360
8100.0000	 332.0577	   0.5728	  24.0264	   9.2832
8200.0000	 332.3533	   0.5438	  24.0364	   9.2336
8300.0000	 332.6425	   0.5161	  24.0544	   9.1716
8400.0000	 332.9374	   0.4900	  24.0692	   9.1044
8500.0000	 333.2410	   0.4649	  24.0860	   9.0336
8600.0000	 333.5416	   0.4398	  24.1276	   8.9448
8700.0000	 333.8325	   0.4152	  24.2048	   8.8508
8800.0000	 334.1331	   0.3918	  24.2936	   8.7596
8900.0000	 334.4346	   0.3690	  24.4128	   8.6772
9000.0000	 334.7453	   0.3472	  24.5316	   8.6000
9100.0000	 335.0607	   0.3260	  24.6528	   8.4984
9200.0000	 335.3348	   0.3050	  24.7440	   8.3820
9300.0000	 335.5869	   0.2847	  24.8264	   8.2456
9400.0000	 335.8309	   0.2652	  24.9028	   8.0924
9500.0000	 336.0518	   0.2461	  24.9912	   7.9292
9600.0000	 336.2841	   0.2282	  25.0792	   7.7636
9700.0000	 336.5192	   0.2114	  25.1748	   7.6084
9800.0000	 336.7493	   0.1959	  25.2608	   7.4688
9900.0000	 336.9626	   0.1815	  25.3348	   7.2980
10000.0000	 337.1705	   0.1678	  25.4036	   7.1172
10100.0000	 337.3749	   0.1550	  25.4660	   6.9472
10200.0000	 337.5849	   0.1429	  25.5296	   6.7780
10300.0000	 337.8059	   0.1317	  25.5944	   6.6132
10400.0000	 338.0358	   0.1212	  25.6504	   6.4504
10500.0000	 338.2684	   0.1115	  25.7084	   6.2956
10600.0000	 338.4968	   0.1021	  25.7760	   6.1640
10700.0000	 338.7364	   0.0935	  25.8448	   6.0468
10800.0000	 338.9694	   0.0856	  25.9056	   5.9544
10900.0000	 339.2050	   0.0783	  25.9668	   5.8772
11000.0000	 339.4559	   0.0715	  26.0296	   5.8028
11100.0000	 339.7131	   0.0654	  26.1016	   5.7284
11200.0000	 339.9842	   0.0597	  26.1968	   5.6748
11300.0000	 340.2663	   0.0547	  26.3308	   5.6312
11400.0000	 340.5839	   0.0504	  26.5588	   5.6528
11500.0000	 340.9298	   0.0465	  26.8216	   5.6856
11600.0000	 341.3142	   0.0431	  27.1120	   5.7192
11700.0000	 341.7169	   0.0400	  27.4136	   5.7572
11800.0000	 342.1500	   0.0371	  27.7264	   5.7944
11900.0000	 342.6034	   0.0345	  28.0772	   5.8452
12000.0000	 343.1338	   0.0322	  28.4016	   5.9148
12100.0000	 343.7805	   0.0302	  28.6560	   6.0428
12200.0000	 344.5092	   0.0285	  28.7548	   6.2052
12300.0000	 345.2649	   0.0270	  28.7620	   6.3420
12400.0000	 346.1986	   0.0257	  28.5936	   6.4912
12500.0000	 347.1941	   0.0246	  28.4080	   6.6344
12600.0000	 348.2452	   0.0235	  28.1852	   6.8156
12700.0000	 349.3827	   0.0225	  27.9572	   6.9760
12800.0000	 350.5556	   0.0215	  27.7312	   7.1308
12900.0000	 351.7634	   0.0206	  27.4888	   7.2880
13000.0000	 352.9606	   0.0197	  27.2036	   7.3732
13100.0000	 354.3479	   0.0191	  26.7544	   7.3936
13200.0000	 355.9198	   0.0188	  26.1364	   7.3772
13300.0000	 357.5987	   0.0186	  25.4156	   7.3008
13400.0000	 359.3209	   0.0185	  24.6512	   7.1780
13500.0000	 361.1050	   0.0185	  23.8784	   7.0556
13600.0000	 362.9267	   0.0185	  23.1100	   6.8884
13700.0000	 364.7848	   0.0186	  22.3408	   6.7104
13800.0000	 366.6822	   0.0186	  21.5712	   6.5320
13900.0000	 368.6348	   0.0186	  20.7988	   6.3784
14000.0000	 370.6174	   0.0186	  20.0296	   6.2316
14100.0000	 372.5907	   0.0185	  19.2992	   6.1196
14200.0000	 374.4802	   0.0184	  18.7528	   5.9920
14300.0000	 376.3545	   0.0181	  18.3976	   5.8420
14400.0000	 378.1508	   0.0177	  18.1560	   5.7520
14500.0000	 379.8760	   0.0171	  18.0604	   5.6904
14600.0000	 381.6226	   0.0165	  17.9496	   5.6024
14700.0000	 383.3679	   0.0158	  17.8208	   5.5404
14800.0000	 385.1430	   0.0151	  17.6920	   5.4960
14900.0000	 386.9545	   0.0143	  17.5628	   5.4524
15000.0000	 388.8384	   0.0135	  17.4328	   5.3756
15100.0000	 389.8384	   0.0135	  17.4328	   5.3756
15200.0000	 390.8384	   0.0135	  17.4328	   5.3756
15300.0000	 391.8384	   0.0135	  17.4328	   5.3756
15400.0000	 392.8384	   0.0135	  17.4328	   5.3756
15500.0000	 393.8384	   0.0135	  17.4328	   5.3756
15600.0000	 394.8384	   0.0135	  17.4328	   5.3756
15700.0000	 395.8384	   0.0135	  17.4328	   5.3756
15800.0000	 396.8384	   0.0135	  17.4328	   5.3756
15900.0000	 397.8384	   0.0135	  17.4328	   5.3756
16000.0000	 398.8384	   0.0135	  17.4328	   5.3756
16100.0000	 399.8384	   0.0135	  17.4328	   5.3756
16200.0000	 400.8384	   0.0135	  17.4328	   5.3756
16300.0000	 401.8384	   0.0135	  17.4328	   5.3756
16400.0000	 402.8384	   0.0135	  17.4328	   5.3756
16500.0000	 403.8384	   0.0135	  17.4328	   5.3756
16600.0000	 404.8384	   0.0135	  17.4328	   5.3756
16700.0000	 405.8384	   0.0135	  17.4328	   5.3756
16800.0000	 406.8384	   0.0135	  17.4328	   5.3756
16900.0000	 407.8384	   0.0135	  17.4328	   5.3756
17000.0000	 408.8384	   0.0135	  17.4328	   5.3756
17100.0000	 409.8384	   0.0135	  17.4328	   5.3756
17200.0000	 410.8384	   0.0135	  17.4328	   5.3756
17300.0000	 411.8384	   0.0135	  17.4328	   5.3756
17400.0000	 412.8384	   0.0135	  17.4328	   5.3756
17500.0000	 413.8384	   0.0135	  17.4328	   5.3756
17600.0000	 414.8384	   0.0135	  17.4328	   5.3756
17700.0000	 415.8384	   0.0135	  17.4328	   5.3756
17800.0000	 416.8384	   0.0135	  17.4328	   5.3756
17900.0000	 417.8384	   0.0135	  17.4328	   5.3756
18000.0000	 418.8384	   0.0135	  17.4328	   5.3756
18100.0000	 419.8384	   0.0135	  17.4328	   5.3756
18200.0000	 420.8384	   0.0135	  17.4328	   5.3756
18300.0000	 421.8384	   0.0135	  17.4328	   5.3756
18400.0000	 422.8384	   0.0135	  17.4328	   5.3756
18500.0000	 423.8384	   0.0135	  17.4328	   5.3756
18600.0000	 424.8384	   0.0135	  17.4328	   5.3756
18700.0000	 425.8384	   0.0135	  17.4328	   5.3756
18800.0000	 426.8384	   0.0135	  17.4328	   5.3756
18900.0000	 427.8384	   0.0135	  17.4328	   5.3756
19000.0000	 428.8384	   0.0135	  17.4328	   5.3756
19100.0000	 429.8384	   0.0135	  17.4328	   5.3756
19200.0000	 430.8384	   0.0135	  17.4328	   5.3756
19300.0000	 431.8384	   0.0135	  17.4328	   5.3756
19400.0000	 432.8384	   0.0135	  17.4328	   5.3756
19500.0000	 433.8384	   0.0135	  17.4328	   5.3756
19600.0000	 434.8384	   0.0135	  17.4328	   5.3756
19700.0000	 435.8384	   0.0135	  17.4328	   5.3756
19800.0000	 436.8384	   0.0135	  17.4328	   5.3756
19900.0000	 437.8384	   0.0135	  17.4328	   5.3756
20000.0000	 438.8384	   0.0135	  17.4328	   5.3756