 955.2765	 299.2504	  12.8542
 100.0000	 299.3024	  12.4070	   0.7814	   3.2535
 200.0000	 299.4357	  12.1448	   1.3627	   4.2408
 300.0000	 299.6312	  11.9506	   1.9478	   5.0219
 400.0000	 299.8714	  11.7875	   2.5935	   5.6603
 500.0000	 300.1457	  11.6121	   3.3108	   6.2541
 600.0000	 300.4409	  11.4357	   4.0792	   6.7970
 700.0000	 300.7570	  11.2568	   4.8789	   7.2846
 800.0000	 301.0953	  11.0514	   5.6803	   7.7330
 900.0000	 301.4378	  10.8470	   6.4570	   8.0827
1000.0000	 301.7685	  10.6283	   7.2132	   8.3603
1100.0000	 302.1021	  10.3522	   7.9151	   8.5584
1200.0000	 302.4387	  10.0383	   8.5581	   8.6924
1300.0000	 302.8016	   9.6784	   9.1930	   8.7541
1400.0000	 303.1569	   9.3275	   9.7981	   8.7827
1500.0000	 303.5001	   8.9487	  10.3695	   8.7684
1600.0000	 303.8590	   8.5529	  10.9214	   8.7451
1700.0000	 304.2113	   8.1729	  11.4795	   8.6965
1800.0000	 304.5435	   7.7869	  12.0186	   8.6076
1900.0000	 304.8675	   7.4089	  12.5351	   8.5038
2000.0000	 305.2014	   7.0507	  13.0384	   8.4008
2100.0000	 305.5205	   6.7293	  13.5038	   8.2908
2200.0000	 305.8599	   6.4263	  13.9346	   8.1689
2300.0000	 306.2212	   6.1344	  14.3332	   8.0459
2400.0000	 306.5935	   5.8503	  14.7157	   7.9214
2500.0000	 306.9913	   5.5559	  15.0727	   7.7792
2600.0000	 307.4156	   5.2519	  15.3916	   7.6554
2700.0000	 307.8319	   4.9363	  15.7086	   7.5584
2800.0000	 308.2379	   4.6099	  15.9976	   7.4773
2900.0000	 308.6344	   4.2641	  16.2643	   7.4005
3000.0000	 309.0450	   3.9433	  16.5124	   7.3403
3100.0000	 309.4565	   3.6404	  16.7459	   7.3049
3200.0000	 309.8712	   3.3371	  16.9508	   7.2870
3300.0000	 310.2943	   3.0518	  17.1554	   7.2695
3400.0000	 310.7310	   2.7842	  17.3759	   7.2649
3500.0000	 311.1708	   2.5728	  17.6076	   7.2824
3600.0000	 311.6167	   2.3761	  17.8495	   7.2989
3700.0000	 312.0616	   2.1847	  18.0949	   7.3122
3800.0000	 312.4894	   2.0065	  18.3511	   7.3246
3900.0000	 312.9125	   1.8362	  18.6108	   7.3457
4000.0000	 313.3361	   1.6931	  18.8624	   7.3586
4100.0000	 313.7369	   1.5889	  19.1041	   7.3592
4200.0000	 314.1156	   1.5135	  19.3322	   7.3686
4300.0000	 314.4885	   1.4489	  19.5608	   7.3759
4400.0000	 314.8611	   1.3909	  19.7868	   7.3692
4500.0000	 315.2304	   1.3427	  20.0081	   7.3527
4600.0000	 315.5969	   1.3028	  20.2165	   7.3341
4700.0000	 315.9455	   1.2681	  20.4357	   7.3054
4800.0000	 316.2980	   1.2439	  20.6284	   7.2646
4900.0000	 316.6572	   1.2253	  20.8027	   7.2292
5000.0000	 317.0213	   1.2087	  20.9759	   7.1962
5100.0000	 317.3850	   1.1877	  21.1535	   7.1592
5200.0000	 317.7481	   1.1622	  21.3395	   7.1059
5300.0000	 318.1306	   1.1384	  21.5292	   7.0559
5400.0000	 318.5263	   1.1168	  21.7197	   7.0232
5500.0000	 318.9304	   1.0894	  21.9062	   6.9849
5600.0000	 319.3448	   1.0584	  22.1105	   6.9432
5700.0000	 319.7730	   1.0280	  22.3273	   6.8927
5800.0000	 320.2149	   0.9991	  22.5308	   6.8573
5900.0000	 320.6668	   0.9651	  22.7638	   6.8573
6000.0000	 321.1251	   0.9287	  23.0070	   6.8627
6100.0000	 321.5868	   0.8915	  23.2503	   6.8724
6200.0000	 322.0441	   0.8552	  23.5016	   6.8932
6300.0000	 322.4971	   0.8175	  23.7611	   6.9368
6400.0000	 322.9492	   0.7802	  24.0049	   6.9800
6500.0000	 323.4039	   0.7427	  24.2511	   7.0205
6600.0000	 323.8536	   0.7029	  24.5022	   7.0659
6700.0000	 324.2738	   0.6646	  24.7716	   7.1270
6800.0000	 324.6715	   0.6284	  25.0449	   7.2049
6900.0000	 325.0639	   0.5925	  25.3032	   7.2884
7000.0000	 325.4555	   0.5574	  25.5638	   7.3784
7100.0000	 325.8257	   0.5254	  25.8324	   7.4489
7200.0000	 326.1629	   0.4977	  26.1019	   7.5041
7300.0000	 326.4913	   0.4727	  26.3700	   7.5635
7400.0000	 326.8192	   0.4500	  26.6311	   7.6216
7500.0000	 327.1465	   0.4295	  26.9324	   7.6595
7600.0000	 327.4680	   0.4119	  27.2251	   7.6673
7700.0000	 327.7816	   0.3969	  27.5195	   7.6511
7800.0000	 328.0955	   0.3816	  27.8159	   7.6424
7900.0000	 328.4128	   0.3663	  28.1159	   7.6454
8000.0000	 328.7215	   0.3512	  28.4597	   7.6459
8100.0000	 329.0336	   0.3382	  28.8038	   7.6311
8200.0000	 329.3434	   0.3275	  29.1632	   7.6019
8300.0000	 329.6602	   0.3161	  29.5241	   7.5765
8400.0000	 329.9809	   0.3048	  29.8700	   7.5778
8500.0000	 330.3117	   0.2935	  30.2062	   7.6097
8600.0000	 330.6477	   0.2822	  30.5503	   7.6514
8700.0000	 330.9866	   0.2702	  30.9178	   7.6849
8800.0000	 331.3375	   0.2585	  31.3000	   7.7192
8900.0000	 331.6851	   0.2469	  31.6727	   7.7532
9000.0000	 332.0385	   0.2356	  32.0297	   7.8043
9100.0000	 332.3986	   0.2241	  32.3632	   7.8786
9200.0000	 332.7615	   0.2127	  32.7030	   7.9797
9300.0000	 333.1122	   0.2011	  33.0441	   8.0957
9400.0000	 333.4674	   0.1898	  33.3824	   8.2241
9500.0000	 333.8287	   0.1791	  33.7200	   8.3349
9600.0000	 334.1963	   0.1689	  34.0435	   8.4408
9700.0000	 334.5470	   0.1590	  34.3435	   8.5478
9800.0000	 334.8841	   0.1489	  34.6132	   8.6478
9900.0000	 335.2139	   0.1392	  34.8803	   8.7676
10000.0000	 335.5380	   0.1299	  35.1270	   8.8986
10100.0000	 335.8764	   0.1212	  35.3670	   9.0314
10200.0000	 336.2191	   0.1132	  35.5789	   9.1516
10300.0000	 336.5723	   0.1057	  35.7519	   9.2630
10400.0000	 336.9092	   0.0985	  35.9103	   9.3368
10500.0000	 337.2469	   0.0915	  36.0486	   9.4197
10600.0000	 337.5929	   0.0851	  36.1595	   9.5022
10700.0000	 337.9464	   0.0790	  36.2608	   9.5881
10800.0000	 338.3267	   0.0735	  36.3597	   9.6549
10900.0000	 338.7244	   0.0684	  36.4681	   9.6684
11000.0000	 339.1577	   0.0637	  36.5043	   9.6338
11100.0000	 339.6072	   0.0592	  36.5019	   9.6600
11200.0000	 340.0700	   0.0550	  36.4832	   9.6892
11300.0000	 340.5650	   0.0512	  36.4597	   9.6895
11400.0000	 341.0846	   0.0477	  36.4508	   9.6695
11500.0000	 341.6271	   0.0445	  36.4454	   9.6451
11600.0000	 342.2028	   0.0415	  36.4605	   9.5949
11700.0000	 342.8158	   0.0387	  36.5089	   9.5397
11800.0000	 343.5059	   0.0364	  36.6562	   9.4949
11900.0000	 344.2499	   0.0344	  36.8708	   9.4795
12000.0000	 345.0206	   0.0325	  37.0876	   9.4389
12100.0000	 345.8320	   0.0307	  37.2830	   9.3700
12200.0000	 346.6948	   0.0290	  37.4181	   9.2759
12300.0000	 347.5980	   0.0274	  37.5311	   9.1689
12400.0000	 348.5543	   0.0258	  37.6211	   9.0322
12500.0000	 349.5984	   0.0244	  37.6451	   8.8486
12600.0000	 350.7724	   0.0232	  37.5392	   8.5438
12700.0000	 352.1182	   0.0222	  37.3281	   8.0978
12800.0000	 353.5020	   0.0213	  37.0435	   7.6741
12900.0000	 354.9246	   0.0204	  36.7381	   7.2592
13000.0000	 356.4194	   0.0195	  36.3903	   6.8414
13100.0000	 357.9274	   0.0188	  35.9922	   6.4619
13200.0000	 359.4620	   0.0180	  35.5543	   6.1281
13300.0000	 361.0297	   0.0172	  35.1114	   5.7962
13400.0000	 362.5972	   0.0166	  34.5978	   5.4905
13500.0000	 364.1622	   0.0160	  33.9954	   5.2573
13600.0000	 365.6828	   0.0156	  33.3024	   5.1086
13700.0000	 367.2159	   0.0151	  32.5873	   5.0027
13800.0000	 368.7912	   0.0146	  31.8492	   4.9349
13900.0000	 370.4160	   0.0141	  31.0881	   4.8746
14000.0000	 372.1002	   0.0136	  30.3046	   4.8130
14100.0000	 373.8065	   0.0131	  29.5249	   4.7527
14200.0000	 375.5115	   0.0125	  28.7770	   4.7038
14300.0000	 377.2022	   0.0119	  28.0703	   4.6530
14400.0000	 378.9117	   0.0114	  27.3649	   4.6024
14500.0000	 380.6385	   0.0108	  26.6543	   4.5603
14600.0000	 382.3353	   0.0102	  25.9962	   4.5054
14700.0000	 383.9093	   0.0096	  25.4324	   4.4751
14800.0000	 385.4383	   0.0090	  24.8616	   4.4168
14900.0000	 387.0121	   0.0085	  24.2968	   4.3546
15000.0000	 388.6304	   0.0080	  23.7270	   4.2822
15100.0000	 389.6304	   0.0080	  23.7270	   4.2822
15200.0000	 390.6304	   0.0080	  23.7270	   4.2822
15300.0000	 391.6304	   0.0080	  23.7270	   4.2822
15400.0000	 392.6304	   0.0080	  23.7270	   4.2822
15500.0000	 393.6304	   0.0080	  23.7270	   4.2822
15600.0000	 394.6304	   0.0080	  23.7270	   4.2822
15700.0000	 395.6304	   0.0080	  23.7270	   4.2822
15800.0000	 396.6304	   0.0080	  23.7270	   4.2822
15900.0000	 397.6304	   0.0080	  23.7270	   4.2822
16000.0000	 398.6304	   0.0080	  23.7270	   4.2822
16100.0000	 399.6304	   0.0080	  23.7270	   4.2822
16200.0000	 400.6304	   0.0080	  23.7270	   4.2822
16300.0000	 401.6304	   0.0080	  23.7270	   4.2822
16400.0000	 402.6304	   0.0080	  23.7270	   4.2822
16500.0000	 403.6304	   0.0080	  23.7270	   4.2822
16600.0000	 404.6304	   0.0080	  23.7270	   4.2822
16700.0000	 405.6304	   0.0080	  23.7270	   4.2822
16800.0000	 406.6304	   0.0080	  23.7270	   4.2822
16900.0000	 407.6304	   0.0080	  23.7270	   4.2822
17000.0000	 408.6304	   0.0080	  23.7270	   4.2822
17100.0000	 409.6304	   0.0080	  23.7270	   4.2822
17200.0000	 410.6304	   0.0080	  23.7270	   4.2822
17300.0000	 411.6304	   0.0080	  23.7270	   4.2822
17400.0000	 412.6304	   0.0080	  23.7270	   4.2822
17500.0000	 413.6304	   0.0080	  23.7270	   4.2822
17600.0000	 414.6304	   0.0080	  23.7270	   4.2822
17700.0000	 415.6304	   0.0080	  23.7270	   4.2822
17800.0000	 416.6304	   0.0080	  23.7270	   4.2822
17900.0000	 417.6304	   0.0080	  23.7270	   4.2822
18000.0000	 418.6304	   0.0080	  23.7270	   4.2822
18100.0000	 419.6304	   0.0080	  23.7270	   4.2822
18200.0000	 420.6304	   0.0080	  23.7270	   4.2822
18300.0000	 421.6304	   0.0080	  23.7270	   4.2822
18400.0000	 422.6304	   0.0080	  23.7270	   4.2822
18500.0000	 423.6304	   0.0080	  23.7270	   4.2822
18600.0000	 424.6304	   0.0080	  23.7270	   4.2822
18700.0000	 425.6304	   0.0080	  23.7270	   4.2822
18800.0000	 426.6304	   0.0080	  23.7270	   4.2822
18900.0000	 427.6304	   0.0080	  23.7270	   4.2822
19000.0000	 428.6304	   0.0080	  23.7270	   4.2822
19100.0000	 429.6304	   0.0080	  23.7270	   4.2822
19200.0000	 430.6304	   0.0080	  23.7270	   4.2822
19300.0000	 431.6304	   0.0080	  23.7270	   4.2822
19400.0000	 432.6304	   0.0080	  23.7270	   4.2822
19500.0000	 433.6304	   0.0080	  23.7270	   4.2822
19600.0000	 434.6304	   0.0080	  23.7270	   4.2822
19700.0000	 435.6304	   0.0080	  23.7270	   4.2822
19800.0000	 436.6304	   0.0080	  23.7270	   4.2822
19900.0000	 437.6304	   0.0080	  23.7270	   4.2822
20000.0000	 438.6304	   0.0080	  23.7270	   4.2822