 977.7936	 300.6401	  15.2808
 100.0000	 300.2778	  14.7839	   2.0264	   7.1240
 200.0000	 300.1604	  14.5534	   2.7032	   8.8388
 300.0000	 300.2012	  14.4064	   3.3168	  10.0600
 400.0000	 300.2734	  14.2136	   3.9692	  11.1340
 500.0000	 300.3707	  13.9859	   4.6776	  12.0952
 600.0000	 300.5204	  13.7391	   5.4180	  12.8840
 700.0000	 300.7433	  13.4311	   6.3504	  13.5132
 800.0000	 301.0380	  13.1230	   7.3524	  14.1088
 900.0000	 301.4318	  12.8351	   8.4132	  14.5504
1000.0000	 301.9158	  12.5402	   9.5168	  14.8608
1100.0000	 302.3700	  12.2688	  10.5168	  15.1072
1200.0000	 302.8252	  12.0245	  11.4648	  15.1268
1300.0000	 303.3013	  11.7708	  12.3860	  15.0904
1400.0000	 303.7454	  11.4155	  13.2216	  14.9384
1500.0000	 304.1580	  11.0096	  14.0180	  14.7232
1600.0000	 304.5807	  10.5854	  14.7604	  14.4980
1700.0000	 304.9859	  10.0979	  15.2868	  14.3400
1800.0000	 305.3630	   9.6169	  15.7636	  14.1836
1900.0000	 305.7727	   9.1166	  16.2176	  14.0732
2000.0000	 306.2443	   8.7008	  16.6344	  14.0600
2100.0000	 306.7231	   8.2515	  16.9936	  14.0468
2200.0000	 307.1547	   7.7028	  17.3308	  14.0088
2300.0000	 307.5908	   7.0954	  17.6168	  13.9172
2400.0000	 308.0634	   6.5041	  17.8572	  13.8364
2500.0000	 308.5370	   6.0222	  18.0804	  13.7920
2600.0000	 309.0003	   5.6105	  18.2784	  13.7136
2700.0000	 309.4597	   5.2396	  18.4460	  13.6292
2800.0000	 309.9236	   4.9536	  18.5668	  13.5972
2900.0000	 310.3976	   4.6905	  18.6804	  13.6032
3000.0000	 310.9329	   4.4726	  18.7996	  13.5844
3100.0000	 311.4395	   4.2542	  18.9500	  13.4960
3200.0000	 311.9562	   4.0529	  19.0860	  13.4588
3300.0000	 312.4446	   3.8412	  19.2712	  13.4036
3400.0000	 312.8978	   3.6492	  19.5432	  13.2948
3500.0000	 313.3477	   3.4721	  19.8412	  13.1680
3600.0000	 313.7299	   3.3013	  20.2140	  13.0444
3700.0000	 314.0879	   3.1438	  20.6092	  12.9236
3800.0000	 314.4425	   2.9798	  21.0180	  12.7952
3900.0000	 314.7523	   2.8334	  21.4020	  12.6544
4000.0000	 315.0387	   2.6970	  21.7700	  12.5368
4100.0000	 315.3336	   2.5618	  22.1400	  12.4136
4200.0000	 315.5945	   2.4649	  22.4776	  12.3056
4300.0000	 315.8200	   2.3937	  22.7852	  12.2084
4400.0000	 316.0448	   2.3205	  23.0860	  12.1228
4500.0000	 316.2812	   2.2469	  23.3832	  12.0372
4600.0000	 316.5330	   2.1774	  23.6408	  11.9396
4700.0000	 316.8112	   2.1140	  23.8704	  11.8728
4800.0000	 317.1004	   2.0538	  24.0892	  11.7996
4900.0000	 317.4151	   1.9871	  24.2852	  11.7164
5000.0000	 317.7662	   1.9200	  24.4464	  11.6444
5100.0000	 318.1390	   1.8554	  24.5996	  11.5748
5200.0000	 318.5278	   1.7878	  24.7692	  11.5016
5300.0000	 318.9458	   1.7212	  24.9248	  11.4024
5400.0000	 319.3769	   1.6479	  25.1044	  11.3008
5500.0000	 319.8238	   1.5742	  25.2504	  11.1736
5600.0000	 320.2882	   1.4974	  25.4024	  11.0372
5700.0000	 320.7605	   1.4243	  25.5816	  10.8972
5800.0000	 321.2189	   1.3499	  25.7648	  10.7460
5900.0000	 321.6698	   1.2791	  25.9180	  10.5896
6000.0000	 322.1093	   1.2091	  26.0228	  10.4404
6100.0000	 322.5317	   1.1378	  26.1096	  10.2992
6200.0000	 322.9437	   1.0708	  26.1816	  10.1384
6300.0000	 323.3490	   1.0078	  26.2432	   9.9912
6400.0000	 323.7456	   0.9469	  26.2884	   9.8836
6500.0000	 324.1132	   0.8879	  26.3104	   9.7908
6600.0000	 324.4762	   0.8342	  26.3284	   9.6996
6700.0000	 324.8360	   0.7853	  26.3508	   9.6208
6800.0000	 325.1948	   0.7391	  26.3700	   9.5696
6900.0000	 325.5409	   0.6947	  26.3748	   9.5572
7000.0000	 325.8807	   0.6553	  26.3772	   9.5384
7100.0000	 326.2255	   0.6189	  26.3748	   9.5208
7200.0000	 326.5642	   0.5857	  26.3772	   9.5048
7300.0000	 326.8856	   0.5548	  26.4252	   9.4872
7400.0000	 327.2071	   0.5256	  26.4760	   9.4784
7500.0000	 327.5308	   0.4978	  26.4992	   9.4696
7600.0000	 327.8580	   0.4717	  26.5236	   9.4592
7700.0000	 328.1764	   0.4489	  26.5648	   9.4304
7800.0000	 328.4734	   0.4307	  26.6524	   9.3412
7900.0000	 328.7830	   0.4129	  26.7272	   9.2508
8000.0000	 329.0976	   0.3944	  26.7880	   9.1464
8100.0000	 329.4206	   0.3764	  26.8540	   9.0340
8200.0000	 329.7379	   0.3595	  26.9448	   8.8924
8300.0000	 330.0291	   0.3456	  27.0532	   8.6984
8400.0000	 330.3382	   0.3328	  27.1408	   8.4964
8500.0000	 330.6583	   0.3207	  27.2164	   8.2832
8600.0000	 330.9856	   0.3087	  27.2872	   8.0640
8700.0000	 331.3070	   0.2954	  27.3756	   7.8268
8800.0000	 331.6188	   0.2827	  27.4480	   7.5680
8900.0000	 331.9272	   0.2704	  27.5376	   7.2904
9000.0000	 332.2356	   0.2592	  27.6540	   7.0092
9100.0000	 332.5572	   0.2483	  27.7612	   6.7412
9200.0000	 332.8835	   0.2373	  27.8760	   6.4724
9300.0000	 333.1979	   0.2259	  27.9928	   6.1892
9400.0000	 333.4944	   0.2136	  28.1080	   5.9008
9500.0000	 333.7770	   0.2014	  28.2344	   5.6292
9600.0000	 334.0692	   0.1898	  28.3744	   5.3744
9700.0000	 334.3799	   0.1790	  28.5228	   5.1388
9800.0000	 334.6908	   0.1686	  28.6700	   4.9088
9900.0000	 334.9982	   0.1588	  28.8056	   4.6836
10000.0000	 335.2976	   0.1491	  28.9396	   4.4780
10100.0000	 335.5821	   0.1392	  29.0400	   4.3212
10200.0000	 335.8739	   0.1297	  29.1412	   4.1708
10300.0000	 336.1836	   0.1209	  29.2324	   4.0196
10400.0000	 336.5028	   0.1126	  29.2984	   3.8628
10500.0000	 336.8181	   0.1048	  29.3748	   3.7240
10600.0000	 337.1199	   0.0977	  29.4576	   3.5720
10700.0000	 337.4026	   0.0910	  29.5284	   3.4344
10800.0000	 337.6716	   0.0846	  29.5636	   3.3192
10900.0000	 337.9563	   0.0787	  29.5952	   3.2060
11000.0000	 338.2417	   0.0731	  29.6540	   3.0924
11100.0000	 338.5868	   0.0680	  29.7312	   2.9732
11200.0000	 338.9546	   0.0633	  29.8032	   2.8820
11300.0000	 339.3199	   0.0592	  29.8880	   2.8152
11400.0000	 339.6905	   0.0554	  29.9708	   2.7420
11500.0000	 340.0871	   0.0520	  30.0508	   2.6732
11600.0000	 340.5048	   0.0488	  30.1228	   2.6044
11700.0000	 340.9434	   0.0458	  30.2068	   2.5448
11800.0000	 341.3921	   0.0428	  30.3028	   2.4960
11900.0000	 341.8232	   0.0402	  30.3228	   2.5224
12000.0000	 342.3257	   0.0378	  30.3540	   2.7340
12100.0000	 342.9003	   0.0355	  30.3504	   2.9936
12200.0000	 343.4987	   0.0335	  30.3648	   3.2040
12300.0000	 344.1355	   0.0317	  30.3936	   3.3972
12400.0000	 344.8230	   0.0299	  30.4236	   3.5780
12500.0000	 345.5389	   0.0283	  30.4712	   3.7624
12600.0000	 346.2955	   0.0269	  30.5396	   3.9476
12700.0000	 347.1188	   0.0256	  30.6000	   4.1172
12800.0000	 348.0518	   0.0245	  30.6268	   4.0448
12900.0000	 348.9832	   0.0235	  30.5364	   4.0216
13000.0000	 349.9338	   0.0225	  30.3532	   4.0348
13100.0000	 350.8937	   0.0215	  30.1008	   4.0632
13200.0000	 351.9182	   0.0206	  29.7724	   4.0652
13300.0000	 352.9557	   0.0198	  29.3820	   4.0776
13400.0000	 354.0304	   0.0191	  28.9796	   4.0708
13500.0000	 355.1800	   0.0184	  28.5528	   4.0080
13600.0000	 356.4171	   0.0178	  28.0692	   3.9096
13700.0000	 357.7981	   0.0173	  27.4692	   3.8448
13800.0000	 359.2371	   0.0169	  26.8824	   3.7744
13900.0000	 360.6556	   0.0166	  26.4036	   3.6408
14000.0000	 362.1118	   0.0162	  25.9548	   3.5556
14100.0000	 363.6175	   0.0159	  25.4844	   3.4924
14200.0000	 365.1611	   0.0156	  25.0184	   3.4324
14300.0000	 366.7222	   0.0153	  24.6176	   3.3708
14400.0000	 368.2968	   0.0149	  24.2392	   3.3344
14500.0000	 369.8840	   0.0146	  23.8632	   3.3308
14600.0000	 371.4769	   0.0142	  23.4584	   3.3716
14700.0000	 373.0766	   0.0139	  23.0440	   3.4540
14800.0000	 374.5459	   0.0135	  22.7224	   3.6512
14900.0000	 376.0501	   0.0130	  22.4388	   3.8992
15000.0000	 377.7365	   0.0125	  22.0400	   4.1192
15100.0000	 378.7365	   0.0125	  22.0400	   4.1192
15200.0000	 379.7365	   0.0125	  22.0400	   4.1192
15300.0000	 380.7365	   0.0125	  22.0400	   4.1192
15400.0000	 381.7365	   0.0125	  22.0400	   4.1192
15500.0000	 382.7365	   0.0125	  22.0400	   4.1192
15600.0000	 383.7365	   0.0125	  22.0400	   4.1192
15700.0000	 384.7365	   0.0125	  22.0400	   4.1192
15800.0000	 385.7365	   0.0125	  22.0400	   4.1192
15900.0000	 386.7365	   0.0125	  22.0400	   4.1192
16000.0000	 387.7365	   0.0125	  22.0400	   4.1192
16100.0000	 388.7365	   0.0125	  22.0400	   4.1192
16200.0000	 389.7365	   0.0125	  22.0400	   4.1192
16300.0000	 390.7365	   0.0125	  22.0400	   4.1192
16400.0000	 391.7365	   0.0125	  22.0400	   4.1192
16500.0000	 392.7365	   0.0125	  22.0400	   4.1192
16600.0000	 393.7365	   0.0125	  22.0400	   4.1192
16700.0000	 394.7365	   0.0125	  22.0400	   4.1192
16800.0000	 395.7365	   0.0125	  22.0400	   4.1192
16900.0000	 396.7365	   0.0125	  22.0400	   4.1192
17000.0000	 397.7365	   0.0125	  22.0400	   4.1192
17100.0000	 398.7365	   0.0125	  22.0400	   4.1192
17200.0000	 399.7365	   0.0125	  22.0400	   4.1192
17300.0000	 400.7365	   0.0125	  22.0400	   4.1192
17400.0000	 401.7365	   0.0125	  22.0400	   4.1192
17500.0000	 402.7365	   0.0125	  22.0400	   4.1192
17600.0000	 403.7365	   0.0125	  22.0400	   4.1192
17700.0000	 404.7365	   0.0125	  22.0400	   4.1192
17800.0000	 405.7365	   0.0125	  22.0400	   4.1192
17900.0000	 406.7365	   0.0125	  22.0400	   4.1192
18000.0000	 407.7365	   0.0125	  22.0400	   4.1192
18100.0000	 408.7365	   0.0125	  22.0400	   4.1192
18200.0000	 409.7365	   0.0125	  22.0400	   4.1192
18300.0000	 410.7365	   0.0125	  22.0400	   4.1192
18400.0000	 411.7365	   0.0125	  22.0400	   4.1192
18500.0000	 412.7365	   0.0125	  22.0400	   4.1192
18600.0000	 413.7365	   0.0125	  22.0400	   4.1192
18700.0000	 414.7365	   0.0125	  22.0400	   4.1192
18800.0000	 415.7365	   0.0125	  22.0400	   4.1192
18900.0000	 416.7365	   0.0125	  22.0400	   4.1192
19000.0000	 417.7365	   0.0125	  22.0400	   4.1192
19100.0000	 418.7365	   0.0125	  22.0400	   4.1192
19200.0000	 419.7365	   0.0125	  22.0400	   4.1192
19300.0000	 420.7365	   0.0125	  22.0400	   4.1192
19400.0000	 421.7365	   0.0125	  22.0400	   4.1192
19500.0000	 422.7365	   0.0125	  22.0400	   4.1192
19600.0000	 423.7365	   0.0125	  22.0400	   4.1192
19700.0000	 424.7365	   0.0125	  22.0400	   4.1192
19800.0000	 425.7365	   0.0125	  22.0400	   4.1192
19900.0000	 426.7365	   0.0125	  22.0400	   4.1192
20000.0000	 427.7365	   0.0125	  22.0400	   4.1192