 961.0743	 297.0901	  12.4718
 100.0000	 297.3931	  12.2284	   0.0411	   2.3551
 200.0000	 297.7242	  12.0359	   0.4503	   3.4719
 300.0000	 298.0727	  11.8648	   1.0470	   4.2932
 400.0000	 298.4684	  11.7323	   1.7781	   4.9865
 500.0000	 298.9430	  11.6175	   2.6614	   5.6943
 600.0000	 299.4383	  11.4756	   3.6157	   6.3276
 700.0000	 299.9286	  11.3183	   4.6170	   6.8811
 800.0000	 300.4144	  11.1463	   5.5751	   7.3265
 900.0000	 300.9018	  10.9031	   6.4786	   7.6859
1000.0000	 301.3554	  10.6360	   7.3178	   7.9032
1100.0000	 301.8000	  10.3371	   8.0703	   8.0838
1200.0000	 302.2411	  10.0096	   8.7178	   8.2049
1300.0000	 302.6648	   9.6705	   9.3362	   8.2630
1400.0000	 303.0516	   9.3237	   9.9078	   8.2976
1500.0000	 303.4430	   8.9459	  10.4492	   8.3300
1600.0000	 303.8303	   8.5818	  10.9616	   8.3324
1700.0000	 304.1976	   8.2151	  11.4414	   8.3286
1800.0000	 304.5680	   7.8633	  11.8795	   8.3195
1900.0000	 304.9384	   7.5222	  12.3076	   8.2692
2000.0000	 305.3026	   7.2221	  12.7124	   8.2000
2100.0000	 305.6692	   6.9239	  13.0714	   8.0830
2200.0000	 306.0437	   6.6605	  13.4157	   7.9338
2300.0000	 306.4050	   6.4286	  13.7405	   7.7524
2400.0000	 306.7412	   6.1931	  14.0430	   7.5773
2500.0000	 307.0800	   5.9531	  14.3343	   7.3995
2600.0000	 307.3936	   5.7284	  14.6446	   7.2424
2700.0000	 307.6998	   5.5087	  14.9416	   7.1127
2800.0000	 308.0230	   5.2536	  15.2168	   7.0246
2900.0000	 308.3696	   4.9782	  15.4949	   6.9600
3000.0000	 308.7441	   4.6923	  15.7505	   6.9095
3100.0000	 309.1321	   4.4040	  15.9919	   6.8770
3200.0000	 309.5480	   4.0991	  16.2462	   6.8595
3300.0000	 309.9747	   3.8014	  16.5376	   6.8600
3400.0000	 310.3994	   3.5262	  16.8384	   6.8643
3500.0000	 310.8274	   3.2706	  17.1208	   6.8781
3600.0000	 311.2486	   3.0329	  17.3897	   6.8922
3700.0000	 311.6661	   2.8049	  17.6676	   6.8995
3800.0000	 312.0775	   2.5900	  17.9441	   6.9059
3900.0000	 312.4951	   2.3924	  18.2116	   6.9151
4000.0000	 312.9112	   2.2171	  18.4873	   6.9238
4100.0000	 313.3207	   2.0881	  18.7478	   6.9284
4200.0000	 313.7173	   1.9913	  19.0008	   6.9319
4300.0000	 314.1284	   1.9034	  19.2603	   6.9362
4400.0000	 314.5471	   1.8218	  19.5162	   6.9319
4500.0000	 314.9562	   1.7475	  19.7762	   6.9122
4600.0000	 315.3622	   1.6873	  20.0432	   6.8870
4700.0000	 315.7717	   1.6399	  20.3092	   6.8657
4800.0000	 316.1717	   1.5969	  20.5503	   6.8357
4900.0000	 316.5640	   1.5599	  20.7862	   6.8143
5000.0000	 316.9552	   1.5294	  21.0176	   6.7962
5100.0000	 317.3554	   1.4969	  21.2481	   6.7719
5200.0000	 317.7570	   1.4623	  21.4865	   6.7381
5300.0000	 318.1587	   1.4310	  21.7014	   6.7119
5400.0000	 318.5624	   1.4029	  21.9170	   6.6814
5500.0000	 318.9698	   1.3706	  22.1049	   6.6438
5600.0000	 319.3784	   1.3352	  22.2916	   6.6065
5700.0000	 319.7980	   1.2996	  22.4605	   6.5808
5800.0000	 320.2260	   1.2611	  22.6341	   6.5638
5900.0000	 320.6693	   1.2232	  22.7784	   6.5524
6000.0000	 321.1234	   1.1813	  22.9224	   6.5646
6100.0000	 321.5844	   1.1368	  23.0595	   6.5797
6200.0000	 322.0556	   1.0907	  23.1941	   6.5935
6300.0000	 322.5305	   1.0467	  23.3200	   6.5978
6400.0000	 322.9953	   1.0021	  23.4351	   6.6332
6500.0000	 323.4564	   0.9587	  23.5622	   6.6627
6600.0000	 323.9135	   0.9151	  23.6859	   6.6935
6700.0000	 324.3624	   0.8717	  23.8219	   6.7289
6800.0000	 324.7960	   0.8303	  23.9530	   6.7716
6900.0000	 325.2080	   0.7912	  24.1030	   6.7965
7000.0000	 325.5993	   0.7537	  24.2632	   6.8097
7100.0000	 325.9876	   0.7176	  24.4270	   6.8251
7200.0000	 326.3603	   0.6829	  24.5878	   6.8370
7300.0000	 326.7120	   0.6523	  24.7454	   6.8227
7400.0000	 327.0546	   0.6243	  24.9289	   6.7892
7500.0000	 327.3917	   0.5969	  25.1297	   6.7516
7600.0000	 327.7279	   0.5707	  25.3427	   6.7238
7700.0000	 328.0527	   0.5460	  25.5662	   6.6811
7800.0000	 328.3663	   0.5219	  25.7870	   6.6173
7900.0000	 328.6812	   0.4983	  26.0262	   6.5476
8000.0000	 328.9900	   0.4747	  26.2754	   6.4808
8100.0000	 329.2965	   0.4536	  26.5389	   6.4197
8200.0000	 329.6046	   0.4348	  26.8192	   6.3492
8300.0000	 329.9018	   0.4148	  27.1041	   6.2805
8400.0000	 330.2102	   0.3946	  27.3754	   6.2484
8500.0000	 330.5217	   0.3743	  27.6500	   6.2443
8600.0000	 330.8373	   0.3555	  27.9295	   6.2349
8700.0000	 331.1623	   0.3379	  28.2149	   6.2243
8800.0000	 331.4868	   0.3210	  28.5024	   6.2378
8900.0000	 331.8042	   0.3045	  28.7941	   6.2832
9000.0000	 332.1248	   0.2878	  29.0927	   6.3816
9100.0000	 332.4488	   0.2715	  29.4057	   6.5027
9200.0000	 332.7901	   0.2554	  29.7200	   6.6295
9300.0000	 333.1387	   0.2393	  30.0397	   6.7797
9400.0000	 333.4904	   0.2245	  30.3505	   6.9814
9500.0000	 333.8235	   0.2104	  30.6895	   7.1854
9600.0000	 334.1410	   0.1968	  31.0424	   7.3824
9700.0000	 334.4546	   0.1838	  31.3662	   7.5727
9800.0000	 334.7573	   0.1713	  31.6914	   7.7811
9900.0000	 335.0608	   0.1593	  32.0254	   8.0132
10000.0000	 335.3724	   0.1481	  32.3616	   8.2651
10100.0000	 335.6903	   0.1376	  32.7011	   8.5051
10200.0000	 336.0235	   0.1281	  32.9897	   8.7151
10300.0000	 336.3687	   0.1195	  33.2516	   8.8943
10400.0000	 336.7046	   0.1111	  33.4870	   9.0692
10500.0000	 337.0266	   0.1032	  33.7084	   9.2216
10600.0000	 337.3586	   0.0957	  33.9349	   9.3462
10700.0000	 337.7016	   0.0888	  34.1635	   9.4622
10800.0000	 338.0604	   0.0824	  34.3886	   9.5565
10900.0000	 338.4434	   0.0766	  34.5519	   9.6030
11000.0000	 338.8538	   0.0712	  34.7030	   9.6427
11100.0000	 339.2628	   0.0662	  34.8384	   9.6746
11200.0000	 339.6850	   0.0615	  34.9449	   9.6959
11300.0000	 340.1164	   0.0570	  35.0438	   9.7030
11400.0000	 340.5617	   0.0528	  35.1403	   9.7184
11500.0000	 341.0377	   0.0490	  35.2422	   9.7419
11600.0000	 341.5239	   0.0454	  35.3595	   9.7530
11700.0000	 342.0356	   0.0423	  35.5084	   9.7797
11800.0000	 342.5721	   0.0395	  35.7073	   9.7986
11900.0000	 343.1788	   0.0370	  35.9238	   9.7886
12000.0000	 343.8153	   0.0346	  36.1614	   9.7800
12100.0000	 344.4662	   0.0323	  36.4054	   9.7608
12200.0000	 345.1494	   0.0303	  36.6143	   9.7381
12300.0000	 345.9176	   0.0284	  36.7965	   9.6427
12400.0000	 346.8153	   0.0268	  36.9159	   9.4711
12500.0000	 347.8308	   0.0254	  36.9930	   9.2532
12600.0000	 348.9493	   0.0241	  37.0373	   8.9968
12700.0000	 350.2763	   0.0230	  36.9581	   8.6124
12800.0000	 351.6840	   0.0221	  36.8192	   8.1959
12900.0000	 353.1804	   0.0213	  36.6289	   7.7462
13000.0000	 354.7844	   0.0206	  36.3665	   7.2814
13100.0000	 356.4217	   0.0199	  36.1046	   6.8146
13200.0000	 358.0704	   0.0192	  35.8232	   6.3465
13300.0000	 359.6848	   0.0185	  35.4814	   5.9205
13400.0000	 361.2774	   0.0179	  35.0254	   5.5570
13500.0000	 362.8942	   0.0173	  34.4786	   5.2108
13600.0000	 364.5012	   0.0168	  33.8478	   4.9327
13700.0000	 366.0375	   0.0163	  33.1976	   4.7495
13800.0000	 367.6601	   0.0158	  32.4822	   4.6297
13900.0000	 369.3360	   0.0153	  31.7022	   4.5365
14000.0000	 371.0229	   0.0148	  30.9259	   4.4689
14100.0000	 372.7438	   0.0142	  30.1665	   4.3978
14200.0000	 374.5178	   0.0137	  29.4046	   4.3208
14300.0000	 376.3148	   0.0130	  28.6327	   4.2386
14400.0000	 378.1043	   0.0124	  27.8824	   4.1846
14500.0000	 379.8876	   0.0117	  27.2203	   4.1243
14600.0000	 381.6028	   0.0110	  26.5973	   4.0854
14700.0000	 383.2787	   0.0104	  25.9573	   4.0403
14800.0000	 384.9199	   0.0097	  25.3514	   4.0130
14900.0000	 386.5287	   0.0092	  24.7578	   3.9784
15000.0000	 388.1458	   0.0087	  24.1824	   3.9068
15100.0000	 389.1458	   0.0087	  24.1824	   3.9068
15200.0000	 390.1458	   0.0087	  24.1824	   3.9068
15300.0000	 391.1458	   0.0087	  24.1824	   3.9068
15400.0000	 392.1458	   0.0087	  24.1824	   3.9068
15500.0000	 393.1458	   0.0087	  24.1824	   3.9068
15600.0000	 394.1458	   0.0087	  24.1824	   3.9068
15700.0000	 395.1458	   0.0087	  24.1824	   3.9068
15800.0000	 396.1458	   0.0087	  24.1824	   3.9068
15900.0000	 397.1458	   0.0087	  24.1824	   3.9068
16000.0000	 398.1458	   0.0087	  24.1824	   3.9068
16100.0000	 399.1458	   0.0087	  24.1824	   3.9068
16200.0000	 400.1458	   0.0087	  24.1824	   3.9068
16300.0000	 401.1458	   0.0087	  24.1824	   3.9068
16400.0000	 402.1458	   0.0087	  24.1824	   3.9068
16500.0000	 403.1458	   0.0087	  24.1824	   3.9068
16600.0000	 404.1458	   0.0087	  24.1824	   3.9068
16700.0000	 405.1458	   0.0087	  24.1824	   3.9068
16800.0000	 406.1458	   0.0087	  24.1824	   3.9068
16900.0000	 407.1458	   0.0087	  24.1824	   3.9068
17000.0000	 408.1458	   0.0087	  24.1824	   3.9068
17100.0000	 409.1458	   0.0087	  24.1824	   3.9068
17200.0000	 410.1458	   0.0087	  24.1824	   3.9068
17300.0000	 411.1458	   0.0087	  24.1824	   3.9068
17400.0000	 412.1458	   0.0087	  24.1824	   3.9068
17500.0000	 413.1458	   0.0087	  24.1824	   3.9068
17600.0000	 414.1458	   0.0087	  24.1824	   3.9068
17700.0000	 415.1458	   0.0087	  24.1824	   3.9068
17800.0000	 416.1458	   0.0087	  24.1824	   3.9068
17900.0000	 417.1458	   0.0087	  24.1824	   3.9068
18000.0000	 418.1458	   0.0087	  24.1824	   3.9068
18100.0000	 419.1458	   0.0087	  24.1824	   3.9068
18200.0000	 420.1458	   0.0087	  24.1824	   3.9068
18300.0000	 421.1458	   0.0087	  24.1824	   3.9068
18400.0000	 422.1458	   0.0087	  24.1824	   3.9068
18500.0000	 423.1458	   0.0087	  24.1824	   3.9068
18600.0000	 424.1458	   0.0087	  24.1824	   3.9068
18700.0000	 425.1458	   0.0087	  24.1824	   3.9068
18800.0000	 426.1458	   0.0087	  24.1824	   3.9068
18900.0000	 427.1458	   0.0087	  24.1824	   3.9068
19000.0000	 428.1458	   0.0087	  24.1824	   3.9068
19100.0000	 429.1458	   0.0087	  24.1824	   3.9068
19200.0000	 430.1458	   0.0087	  24.1824	   3.9068
19300.0000	 431.1458	   0.0087	  24.1824	   3.9068
19400.0000	 432.1458	   0.0087	  24.1824	   3.9068
19500.0000	 433.1458	   0.0087	  24.1824	   3.9068
19600.0000	 434.1458	   0.0087	  24.1824	   3.9068
19700.0000	 435.1458	   0.0087	  24.1824	   3.9068
19800.0000	 436.1458	   0.0087	  24.1824	   3.9068
19900.0000	 437.1458	   0.0087	  24.1824	   3.9068
20000.0000	 438.1458	   0.0087	  24.1824	   3.9068