 944.9520	 299.1164	  12.5459
 100.0000	 299.8065	  12.3625	   0.0912	   7.0236
 200.0000	 300.2235	  12.1790	   0.4572	   9.6136
 300.0000	 300.5934	  12.0223	   1.1304	  11.4336
 400.0000	 300.9616	  11.9249	   2.0856	  12.8088
 500.0000	 301.3846	  11.8489	   3.2576	  13.8332
 600.0000	 301.7921	  11.7151	   4.4728	  14.6304
 700.0000	 302.1941	  11.5361	   5.7168	  15.2088
 800.0000	 302.6316	  11.3432	   6.8328	  15.5648
 900.0000	 303.0855	  11.0986	   7.7780	  15.7416
1000.0000	 303.5066	  10.8206	   8.6552	  15.8112
1100.0000	 303.8985	  10.5369	   9.4728	  15.8000
1200.0000	 304.2733	  10.2275	  10.2228	  15.7296
1300.0000	 304.6616	   9.8857	  10.9876	  15.6064
1400.0000	 305.0606	   9.5395	  11.7456	  15.4116
1500.0000	 305.4990	   9.2230	  12.4412	  15.1288
1600.0000	 305.9600	   8.9273	  13.1324	  14.7944
1700.0000	 306.4338	   8.6016	  13.8080	  14.4432
1800.0000	 306.9059	   8.2663	  14.4600	  14.1080
1900.0000	 307.3512	   7.9228	  15.1176	  13.7652
2000.0000	 307.7899	   7.5995	  15.7652	  13.4748
2100.0000	 308.2447	   7.2520	  16.4000	  13.2332
2200.0000	 308.7185	   6.8861	  16.9948	  13.0072
2300.0000	 309.1663	   6.5177	  17.5168	  12.8440
2400.0000	 309.6031	   6.1805	  18.0084	  12.7120
2500.0000	 310.0253	   5.8811	  18.4552	  12.6136
2600.0000	 310.4355	   5.6081	  18.8540	  12.5484
2700.0000	 310.8092	   5.3638	  19.1832	  12.4848
2800.0000	 311.1816	   5.1459	  19.4688	  12.4224
2900.0000	 311.5663	   4.9636	  19.7204	  12.3860
3000.0000	 311.9761	   4.8007	  19.9208	  12.4028
3100.0000	 312.4152	   4.6469	  20.0892	  12.4288
3200.0000	 312.8450	   4.4968	  20.2712	  12.4720
3300.0000	 313.2535	   4.3698	  20.4604	  12.5340
3400.0000	 313.6249	   4.2538	  20.6424	  12.6152
3500.0000	 313.9723	   4.1464	  20.8024	  12.6868
3600.0000	 314.2942	   4.0546	  20.9460	  12.7508
3700.0000	 314.6220	   3.9627	  21.1176	  12.8208
3800.0000	 314.9595	   3.8673	  21.3112	  12.8696
3900.0000	 315.3062	   3.7809	  21.4972	  12.9048
4000.0000	 315.6538	   3.7009	  21.6608	  12.9336
4100.0000	 315.9982	   3.6172	  21.8208	  12.9476
4200.0000	 316.3529	   3.5366	  21.9892	  12.9552
4300.0000	 316.7235	   3.4578	  22.1536	  12.9620
4400.0000	 317.0804	   3.3808	  22.2836	  12.9568
4500.0000	 317.4380	   3.3020	  22.4148	  12.9388
4600.0000	 317.8048	   3.2172	  22.5348	  12.9088
4700.0000	 318.1690	   3.1323	  22.6448	  12.8664
4800.0000	 318.5338	   3.0449	  22.7364	  12.8116
4900.0000	 318.8942	   2.9548	  22.8244	  12.7532
5000.0000	 319.2667	   2.8626	  22.8964	  12.6820
5100.0000	 319.6412	   2.7690	  22.9492	  12.6080
5200.0000	 320.0253	   2.6768	  22.9960	  12.5280
5300.0000	 320.4132	   2.5857	  23.0408	  12.4460
5400.0000	 320.7980	   2.4902	  23.0740	  12.3644
5500.0000	 321.1846	   2.3947	  23.0968	  12.2956
5600.0000	 321.5929	   2.3014	  23.1228	  12.2320
5700.0000	 322.0121	   2.2097	  23.1600	  12.1752
5800.0000	 322.4340	   2.1181	  23.2008	  12.1276
5900.0000	 322.8506	   2.0256	  23.2400	  12.0808
6000.0000	 323.2728	   1.9357	  23.2896	  12.0400
6100.0000	 323.7067	   1.8480	  23.3224	  11.9976
6200.0000	 324.1492	   1.7620	  23.3728	  11.9652
6300.0000	 324.6106	   1.6790	  23.4168	  11.9392
6400.0000	 325.0654	   1.5976	  23.4468	  11.9068
6500.0000	 325.5306	   1.5197	  23.4780	  11.8716
6600.0000	 326.0012	   1.4478	  23.5172	  11.8372
6700.0000	 326.4714	   1.3792	  23.5696	  11.7796
6800.0000	 326.9416	   1.3133	  23.6108	  11.7156
6900.0000	 327.3983	   1.2489	  23.6508	  11.6312
7000.0000	 327.8589	   1.1879	  23.6804	  11.5424
7100.0000	 328.3040	   1.1301	  23.7088	  11.4344
7200.0000	 328.7072	   1.0740	  23.7292	  11.3060
7300.0000	 329.0938	   1.0189	  23.7204	  11.1792
7400.0000	 329.4638	   0.9665	  23.6924	  11.0304
7500.0000	 329.8340	   0.9168	  23.6516	  10.8688
7600.0000	 330.2049	   0.8703	  23.6000	  10.6872
7700.0000	 330.5530	   0.8263	  23.5292	  10.5016
7800.0000	 330.8618	   0.7825	  23.4400	  10.3388
7900.0000	 331.1691	   0.7409	  23.3268	  10.1744
8000.0000	 331.4744	   0.7002	  23.2072	  10.0004
8100.0000	 331.7860	   0.6620	  23.0856	   9.8260
8200.0000	 332.0911	   0.6251	  22.9716	   9.6516
8300.0000	 332.3592	   0.5900	  22.8712	   9.4912
8400.0000	 332.6225	   0.5565	  22.7804	   9.3360
8500.0000	 332.8863	   0.5244	  22.6988	   9.1828
8600.0000	 333.1567	   0.4939	  22.6324	   9.0252
8700.0000	 333.4305	   0.4644	  22.5612	   8.8716
8800.0000	 333.6967	   0.4367	  22.5300	   8.7344
8900.0000	 333.9632	   0.4104	  22.5548	   8.5808
9000.0000	 334.2345	   0.3854	  22.5944	   8.4392
9100.0000	 334.5161	   0.3612	  22.6532	   8.3096
9200.0000	 334.8083	   0.3382	  22.7144	   8.1752
9300.0000	 335.0914	   0.3161	  22.7880	   8.0440
9400.0000	 335.3449	   0.2944	  22.8464	   7.9056
9500.0000	 335.5591	   0.2737	  22.8984	   7.7632
9600.0000	 335.7761	   0.2542	  22.9680	   7.6388
9700.0000	 336.0012	   0.2358	  23.0388	   7.5380
9800.0000	 336.2343	   0.2183	  23.1156	   7.4384
9900.0000	 336.4697	   0.2020	  23.1964	   7.3240
10000.0000	 336.6850	   0.1867	  23.2840	   7.1936
10100.0000	 336.8811	   0.1724	  23.3776	   7.0552
10200.0000	 337.0791	   0.1591	  23.4732	   6.9164
10300.0000	 337.2759	   0.1466	  23.5612	   6.8040
10400.0000	 337.4854	   0.1351	  23.6452	   6.7020
10500.0000	 337.7051	   0.1243	  23.7224	   6.6096
10600.0000	 337.9293	   0.1142	  23.8036	   6.5260
10700.0000	 338.1458	   0.1047	  23.9176	   6.4364
10800.0000	 338.3550	   0.0958	  24.0508	   6.3400
10900.0000	 338.5724	   0.0876	  24.1832	   6.2460
11000.0000	 338.7865	   0.0799	  24.3040	   6.1480
11100.0000	 339.0203	   0.0729	  24.4392	   6.0812
11200.0000	 339.2949	   0.0667	  24.6084	   6.0136
11300.0000	 339.5945	   0.0609	  24.8232	   5.9704
11400.0000	 339.9127	   0.0559	  25.0596	   5.9652
11500.0000	 340.2410	   0.0512	  25.3448	   5.9916
11600.0000	 340.5966	   0.0469	  25.6176	   6.0312
11700.0000	 340.9700	   0.0430	  25.9088	   6.0704
11800.0000	 341.3735	   0.0395	  26.1936	   6.0912
11900.0000	 341.8319	   0.0364	  26.4580	   6.0940
12000.0000	 342.3125	   0.0335	  26.7040	   6.1012
12100.0000	 342.8749	   0.0311	  26.9056	   6.1000
12200.0000	 343.5029	   0.0289	  27.0696	   6.0820
12300.0000	 344.2465	   0.0270	  27.1544	   6.0644
12400.0000	 345.1255	   0.0254	  27.1344	   6.0644
12500.0000	 346.0626	   0.0240	  27.1216	   6.0656
12600.0000	 347.0609	   0.0227	  27.1128	   6.0528
12700.0000	 348.1312	   0.0216	  27.0904	   6.0588
12800.0000	 349.2725	   0.0205	  27.0012	   6.0660
12900.0000	 350.4391	   0.0196	  26.8768	   6.1068
13000.0000	 351.6481	   0.0187	  26.6708	   6.1680
13100.0000	 352.9090	   0.0179	  26.4136	   6.2624
13200.0000	 354.3168	   0.0173	  26.0544	   6.3240
13300.0000	 355.7952	   0.0170	  25.5948	   6.3604
13400.0000	 357.3884	   0.0168	  25.0608	   6.3640
13500.0000	 359.1343	   0.0168	  24.4576	   6.3456
13600.0000	 360.8997	   0.0169	  23.8344	   6.3464
13700.0000	 362.6327	   0.0168	  23.2160	   6.3280
13800.0000	 364.4127	   0.0168	  22.5932	   6.3188
13900.0000	 366.2607	   0.0168	  21.9516	   6.3032
14000.0000	 368.1594	   0.0169	  21.3180	   6.2968
14100.0000	 370.0641	   0.0169	  20.7228	   6.2592
14200.0000	 371.9640	   0.0169	  20.1592	   6.2160
14300.0000	 373.8228	   0.0168	  19.7096	   6.1572
14400.0000	 375.6556	   0.0166	  19.3976	   6.0556
14500.0000	 377.4409	   0.0162	  19.1452	   5.9080
14600.0000	 379.1905	   0.0158	  18.8748	   5.7244
14700.0000	 380.9383	   0.0153	  18.6260	   5.5432
14800.0000	 382.7265	   0.0148	  18.3796	   5.3564
14900.0000	 384.5471	   0.0142	  18.1412	   5.1216
15000.0000	 386.3722	   0.0136	  17.9156	   4.8388
15100.0000	 387.3722	   0.0136	  17.9156	   4.8388
15200.0000	 388.3722	   0.0136	  17.9156	   4.8388
15300.0000	 389.3722	   0.0136	  17.9156	   4.8388
15400.0000	 390.3722	   0.0136	  17.9156	   4.8388
15500.0000	 391.3722	   0.0136	  17.9156	   4.8388
15600.0000	 392.3722	   0.0136	  17.9156	   4.8388
15700.0000	 393.3722	   0.0136	  17.9156	   4.8388
15800.0000	 394.3722	   0.0136	  17.9156	   4.8388
15900.0000	 395.3722	   0.0136	  17.9156	   4.8388
16000.0000	 396.3722	   0.0136	  17.9156	   4.8388
16100.0000	 397.3722	   0.0136	  17.9156	   4.8388
16200.0000	 398.3722	   0.0136	  17.9156	   4.8388
16300.0000	 399.3722	   0.0136	  17.9156	   4.8388
16400.0000	 400.3722	   0.0136	  17.9156	   4.8388
16500.0000	 401.3722	   0.0136	  17.9156	   4.8388
16600.0000	 402.3722	   0.0136	  17.9156	   4.8388
16700.0000	 403.3722	   0.0136	  17.9156	   4.8388
16800.0000	 404.3722	   0.0136	  17.9156	   4.8388
16900.0000	 405.3722	   0.0136	  17.9156	   4.8388
17000.0000	 406.3722	   0.0136	  17.9156	   4.8388
17100.0000	 407.3722	   0.0136	  17.9156	   4.8388
17200.0000	 408.3722	   0.0136	  17.9156	   4.8388
17300.0000	 409.3722	   0.0136	  17.9156	   4.8388
17400.0000	 410.3722	   0.0136	  17.9156	   4.8388
17500.0000	 411.3722	   0.0136	  17.9156	   4.8388
17600.0000	 412.3722	   0.0136	  17.9156	   4.8388
17700.0000	 413.3722	   0.0136	  17.9156	   4.8388
17800.0000	 414.3722	   0.0136	  17.9156	   4.8388
17900.0000	 415.3722	   0.0136	  17.9156	   4.8388
18000.0000	 416.3722	   0.0136	  17.9156	   4.8388
18100.0000	 417.3722	   0.0136	  17.9156	   4.8388
18200.0000	 418.3722	   0.0136	  17.9156	   4.8388
18300.0000	 419.3722	   0.0136	  17.9156	   4.8388
18400.0000	 420.3722	   0.0136	  17.9156	   4.8388
18500.0000	 421.3722	   0.0136	  17.9156	   4.8388
18600.0000	 422.3722	   0.0136	  17.9156	   4.8388
18700.0000	 423.3722	   0.0136	  17.9156	   4.8388
18800.0000	 424.3722	   0.0136	  17.9156	   4.8388
18900.0000	 425.3722	   0.0136	  17.9156	   4.8388
19000.0000	 426.3722	   0.0136	  17.9156	   4.8388
19100.0000	 427.3722	   0.0136	  17.9156	   4.8388
19200.0000	 428.3722	   0.0136	  17.9156	   4.8388
19300.0000	 429.3722	   0.0136	  17.9156	   4.8388
19400.0000	 430.3722	   0.0136	  17.9156	   4.8388
19500.0000	 431.3722	   0.0136	  17.9156	   4.8388
19600.0000	 432.3722	   0.0136	  17.9156	   4.8388
19700.0000	 433.3722	   0.0136	  17.9156	   4.8388
19800.0000	 434.3722	   0.0136	  17.9156	   4.8388
19900.0000	 435.3722	   0.0136	  17.9156	   4.8388
20000.0000	 436.3722	   0.0136	  17.9156	   4.8388