 975.3392	 299.6153	  13.9573
 100.0000	 299.0007	  13.4114
 200.0000	 298.8757	  13.2600
 300.0000	 298.8679	  13.1380
 400.0000	 298.9845	  12.9971
 500.0000	 299.1355	  12.8341
 600.0000	 299.3467	  12.6323
 700.0000	 299.5732	  12.4071
 800.0000	 299.8325	  12.1643
 900.0000	 300.1030	  11.8708
1000.0000	 300.3707	  11.5274
1100.0000	 300.6796	  11.1720
1200.0000	 301.0182	  10.8335
1300.0000	 301.4117	  10.4955
1400.0000	 301.8377	  10.1440
1500.0000	 302.2846	   9.8241
1600.0000	 302.7197	   9.4788
1700.0000	 303.1476	   9.1166
1800.0000	 303.5158	   8.6624
1900.0000	 303.8741	   8.2181
2000.0000	 304.2335	   7.7862
2100.0000	 304.5804	   7.3869
2200.0000	 304.9274	   6.9987
2300.0000	 305.2967	   6.6110
2400.0000	 305.6949	   6.1946
2500.0000	 306.1178	   5.7711
2600.0000	 306.5811	   5.3276
2700.0000	 307.0650	   4.8817
2800.0000	 307.5542	   4.4511
2900.0000	 308.0398	   4.0879
3000.0000	 308.5050	   3.7736
3100.0000	 308.9691	   3.4898
3200.0000	 309.4020	   3.2490
3300.0000	 309.8211	   3.0271
3400.0000	 310.2364	   2.8243
3500.0000	 310.6315	   2.6711
3600.0000	 311.0243	   2.5334
3700.0000	 311.4269	   2.3956
3800.0000	 311.8170	   2.2637
3900.0000	 312.1997	   2.1403
4000.0000	 312.5840	   2.0292
4100.0000	 312.9487	   1.9378
4200.0000	 313.2807	   1.8626
4300.0000	 313.6190	   1.7934
4400.0000	 313.9573	   1.7268
4500.0000	 314.2953	   1.6607
4600.0000	 314.6346	   1.5996
4700.0000	 314.9771	   1.5406
4800.0000	 315.3127	   1.4816
4900.0000	 315.6536	   1.4259
5000.0000	 315.9963	   1.3742
5100.0000	 316.3478	   1.3241
5200.0000	 316.7131	   1.2686
5300.0000	 317.0873	   1.2151
5400.0000	 317.4793	   1.1634
5500.0000	 317.8915	   1.1103
5600.0000	 318.3175	   1.0474
5700.0000	 318.7524	   0.9875
5800.0000	 319.1933	   0.9325
5900.0000	 319.6517	   0.8755
6000.0000	 320.1154	   0.8212
6100.0000	 320.5939	   0.7701
6200.0000	 321.0795	   0.7221
6300.0000	 321.5558	   0.6761
6400.0000	 322.0206	   0.6330
6500.0000	 322.4895	   0.5919
6600.0000	 322.9564	   0.5579
6700.0000	 323.4090	   0.5273
6800.0000	 323.8313	   0.4998
6900.0000	 324.2500	   0.4741
7000.0000	 324.6684	   0.4491
7100.0000	 325.0916	   0.4268
7200.0000	 325.4671	   0.4113
7300.0000	 325.8274	   0.3966
7400.0000	 326.1841	   0.3830
7500.0000	 326.5283	   0.3673
7600.0000	 326.8696	   0.3513
7700.0000	 327.1831	   0.3349
7800.0000	 327.4992	   0.3200
7900.0000	 327.8143	   0.3052
8000.0000	 328.1189	   0.2897
8100.0000	 328.4217	   0.2745
8200.0000	 328.7015	   0.2614
8300.0000	 328.9772	   0.2495
8400.0000	 329.2610	   0.2383
8500.0000	 329.5498	   0.2266
8600.0000	 329.8517	   0.2157
8700.0000	 330.1618	   0.2072
8800.0000	 330.4662	   0.1992
8900.0000	 330.7763	   0.1914
9000.0000	 331.1010	   0.1842
9100.0000	 331.4408	   0.1769
9200.0000	 331.7906	   0.1703
9300.0000	 332.1418	   0.1640
9400.0000	 332.4916	   0.1576
9500.0000	 332.8469	   0.1512
9600.0000	 333.2017	   0.1453
9700.0000	 333.5501	   0.1395
9800.0000	 333.8600	   0.1330
9900.0000	 334.1648	   0.1265
10000.0000	 334.4730	   0.1200
10100.0000	 334.7876	   0.1136
10200.0000	 335.1099	   0.1074
10300.0000	 335.4357	   0.1015
10400.0000	 335.7567	   0.0955
10500.0000	 336.0760	   0.0892
10600.0000	 336.3950	   0.0831
10700.0000	 336.7180	   0.0773
10800.0000	 337.0504	   0.0719
10900.0000	 337.4072	   0.0669
11000.0000	 337.7916	   0.0620
11100.0000	 338.2753	   0.0576
11200.0000	 338.7807	   0.0537
11300.0000	 339.2987	   0.0502
11400.0000	 339.8318	   0.0469
11500.0000	 340.3816	   0.0438
11600.0000	 340.9601	   0.0409
11700.0000	 341.5904	   0.0382
11800.0000	 342.3307	   0.0360
11900.0000	 343.1786	   0.0342
12000.0000	 344.1067	   0.0326
12100.0000	 345.0814	   0.0311
12200.0000	 346.0898	   0.0296
12300.0000	 347.1270	   0.0282
12400.0000	 348.1955	   0.0269
12500.0000	 349.2914	   0.0256
12600.0000	 350.4359	   0.0245
12700.0000	 351.6192	   0.0236
12800.0000	 352.8615	   0.0227
12900.0000	 354.1290	   0.0218
13000.0000	 355.4255	   0.0209
13100.0000	 356.7573	   0.0200
13200.0000	 358.1182	   0.0190
13300.0000	 359.5130	   0.0181
13400.0000	 360.9289	   0.0172
13500.0000	 362.3649	   0.0163
13600.0000	 363.7895	   0.0156
13700.0000	 365.2411	   0.0149
13800.0000	 366.6787	   0.0144
13900.0000	 368.1733	   0.0138
14000.0000	 369.6859	   0.0133
14100.0000	 371.2417	   0.0129
14200.0000	 372.8266	   0.0124
14300.0000	 374.4482	   0.0119
14400.0000	 376.1031	   0.0114
14500.0000	 377.7978	   0.0109
14600.0000	 379.5256	   0.0104
14700.0000	 381.1898	   0.0098
14800.0000	 382.7216	   0.0094
14900.0000	 384.2252	   0.0089
15000.0000	 385.7553	   0.0084
15100.0000	 386.7553	   0.0084
15200.0000	 387.7553	   0.0084
15300.0000	 388.7553	   0.0084
15400.0000	 389.7553	   0.0084
15500.0000	 390.7553	   0.0084
15600.0000	 391.7553	   0.0084
15700.0000	 392.7553	   0.0084
15800.0000	 393.7553	   0.0084
15900.0000	 394.7553	   0.0084
16000.0000	 395.7553	   0.0084
16100.0000	 396.7553	   0.0084
16200.0000	 397.7553	   0.0084
16300.0000	 398.7553	   0.0084
16400.0000	 399.7553	   0.0084
16500.0000	 400.7553	   0.0084
16600.0000	 401.7553	   0.0084
16700.0000	 402.7553	   0.0084
16800.0000	 403.7553	   0.0084
16900.0000	 404.7553	   0.0084
17000.0000	 405.7553	   0.0084
17100.0000	 406.7553	   0.0084
17200.0000	 407.7553	   0.0084
17300.0000	 408.7553	   0.0084
17400.0000	 409.7553	   0.0084
17500.0000	 410.7553	   0.0084
17600.0000	 411.7553	   0.0084
17700.0000	 412.7553	   0.0084
17800.0000	 413.7553	   0.0084
17900.0000	 414.7553	   0.0084
18000.0000	 415.7553	   0.0084
18100.0000	 416.7553	   0.0084
18200.0000	 417.7553	   0.0084
18300.0000	 418.7553	   0.0084
18400.0000	 419.7553	   0.0084
18500.0000	 420.7553	   0.0084
18600.0000	 421.7553	   0.0084
18700.0000	 422.7553	   0.0084
18800.0000	 423.7553	   0.0084
18900.0000	 424.7553	   0.0084
19000.0000	 425.7553	   0.0084
19100.0000	 426.7553	   0.0084
19200.0000	 427.7553	   0.0084
19300.0000	 428.7553	   0.0084
19400.0000	 429.7553	   0.0084
19500.0000	 430.7553	   0.0084
19600.0000	 431.7553	   0.0084
19700.0000	 432.7553	   0.0084
19800.0000	 433.7553	   0.0084
19900.0000	 434.7553	   0.0084
20000.0000	 435.7553	   0.0084