 977.7936	 300.6401	  15.2808
 100.0000	 300.2778	  14.7839
 200.0000	 300.1604	  14.5534
 300.0000	 300.2012	  14.4064
 400.0000	 300.2734	  14.2136
 500.0000	 300.3707	  13.9859
 600.0000	 300.5204	  13.7391
 700.0000	 300.7433	  13.4311
 800.0000	 301.0380	  13.1230
 900.0000	 301.4318	  12.8351
1000.0000	 301.9158	  12.5402
1100.0000	 302.3700	  12.2688
1200.0000	 302.8252	  12.0245
1300.0000	 303.3013	  11.7708
1400.0000	 303.7454	  11.4155
1500.0000	 304.1580	  11.0096
1600.0000	 304.5807	  10.5854
1700.0000	 304.9859	  10.0979
1800.0000	 305.3630	   9.6169
1900.0000	 305.7727	   9.1166
2000.0000	 306.2443	   8.7008
2100.0000	 306.7231	   8.2515
2200.0000	 307.1547	   7.7028
2300.0000	 307.5908	   7.0954
2400.0000	 308.0634	   6.5041
2500.0000	 308.5370	   6.0222
2600.0000	 309.0003	   5.6105
2700.0000	 309.4597	   5.2396
2800.0000	 309.9236	   4.9536
2900.0000	 310.3976	   4.6905
3000.0000	 310.9329	   4.4726
3100.0000	 311.4395	   4.2542
3200.0000	 311.9562	   4.0529
3300.0000	 312.4446	   3.8412
3400.0000	 312.8978	   3.6492
3500.0000	 313.3477	   3.4721
3600.0000	 313.7299	   3.3013
3700.0000	 314.0879	   3.1438
3800.0000	 314.4425	   2.9798
3900.0000	 314.7523	   2.8334
4000.0000	 315.0387	   2.6970
4100.0000	 315.3336	   2.5618
4200.0000	 315.5945	   2.4649
4300.0000	 315.8200	   2.3937
4400.0000	 316.0448	   2.3205
4500.0000	 316.2812	   2.2469
4600.0000	 316.5330	   2.1774
4700.0000	 316.8112	   2.1140
4800.0000	 317.1004	   2.0538
4900.0000	 317.4151	   1.9871
5000.0000	 317.7662	   1.9200
5100.0000	 318.1390	   1.8554
5200.0000	 318.5278	   1.7878
5300.0000	 318.9458	   1.7212
5400.0000	 319.3769	   1.6479
5500.0000	 319.8238	   1.5742
5600.0000	 320.2882	   1.4974
5700.0000	 320.7605	   1.4243
5800.0000	 321.2189	   1.3499
5900.0000	 321.6698	   1.2791
6000.0000	 322.1093	   1.2091
6100.0000	 322.5317	   1.1378
6200.0000	 322.9437	   1.0708
6300.0000	 323.3490	   1.0078
6400.0000	 323.7456	   0.9469
6500.0000	 324.1132	   0.8879
6600.0000	 324.4762	   0.8342
6700.0000	 324.8360	   0.7853
6800.0000	 325.1948	   0.7391
6900.0000	 325.5409	   0.6947
7000.0000	 325.8807	   0.6553
7100.0000	 326.2255	   0.6189
7200.0000	 326.5642	   0.5857
7300.0000	 326.8856	   0.5548
7400.0000	 327.2071	   0.5256
7500.0000	 327.5308	   0.4978
7600.0000	 327.8580	   0.4717
7700.0000	 328.1764	   0.4489
7800.0000	 328.4734	   0.4307
7900.0000	 328.7830	   0.4129
8000.0000	 329.0976	   0.3944
8100.0000	 329.4206	   0.3764
8200.0000	 329.7379	   0.3595
8300.0000	 330.0291	   0.3456
8400.0000	 330.3382	   0.3328
8500.0000	 330.6583	   0.3207
8600.0000	 330.9856	   0.3087
8700.0000	 331.3070	   0.2954
8800.0000	 331.6188	   0.2827
8900.0000	 331.9272	   0.2704
9000.0000	 332.2356	   0.2592
9100.0000	 332.5572	   0.2483
9200.0000	 332.8835	   0.2373
9300.0000	 333.1979	   0.2259
9400.0000	 333.4944	   0.2136
9500.0000	 333.7770	   0.2014
9600.0000	 334.0692	   0.1898
9700.0000	 334.3799	   0.1790
9800.0000	 334.6908	   0.1686
9900.0000	 334.9982	   0.1588
10000.0000	 335.2976	   0.1491
10100.0000	 335.5821	   0.1392
10200.0000	 335.8739	   0.1297
10300.0000	 336.1836	   0.1209
10400.0000	 336.5028	   0.1126
10500.0000	 336.8181	   0.1048
10600.0000	 337.1199	   0.0977
10700.0000	 337.4026	   0.0910
10800.0000	 337.6716	   0.0846
10900.0000	 337.9563	   0.0787
11000.0000	 338.2417	   0.0731
11100.0000	 338.5868	   0.0680
11200.0000	 338.9546	   0.0633
11300.0000	 339.3199	   0.0592
11400.0000	 339.6905	   0.0554
11500.0000	 340.0871	   0.0520
11600.0000	 340.5048	   0.0488
11700.0000	 340.9434	   0.0458
11800.0000	 341.3921	   0.0428
11900.0000	 341.8232	   0.0402
12000.0000	 342.3257	   0.0378
12100.0000	 342.9003	   0.0355
12200.0000	 343.4987	   0.0335
12300.0000	 344.1355	   0.0317
12400.0000	 344.8230	   0.0299
12500.0000	 345.5389	   0.0283
12600.0000	 346.2955	   0.0269
12700.0000	 347.1188	   0.0256
12800.0000	 348.0518	   0.0245
12900.0000	 348.9832	   0.0235
13000.0000	 349.9338	   0.0225
13100.0000	 350.8937	   0.0215
13200.0000	 351.9182	   0.0206
13300.0000	 352.9557	   0.0198
13400.0000	 354.0304	   0.0191
13500.0000	 355.1800	   0.0184
13600.0000	 356.4171	   0.0178
13700.0000	 357.7981	   0.0173
13800.0000	 359.2371	   0.0169
13900.0000	 360.6556	   0.0166
14000.0000	 362.1118	   0.0162
14100.0000	 363.6175	   0.0159
14200.0000	 365.1611	   0.0156
14300.0000	 366.7222	   0.0153
14400.0000	 368.2968	   0.0149
14500.0000	 369.8840	   0.0146
14600.0000	 371.4769	   0.0142
14700.0000	 373.0766	   0.0139
14800.0000	 374.5459	   0.0135
14900.0000	 376.0501	   0.0130
15000.0000	 377.7365	   0.0125
15100.0000	 378.7365	   0.0125
15200.0000	 379.7365	   0.0125
15300.0000	 380.7365	   0.0125
15400.0000	 381.7365	   0.0125
15500.0000	 382.7365	   0.0125
15600.0000	 383.7365	   0.0125
15700.0000	 384.7365	   0.0125
15800.0000	 385.7365	   0.0125
15900.0000	 386.7365	   0.0125
16000.0000	 387.7365	   0.0125
16100.0000	 388.7365	   0.0125
16200.0000	 389.7365	   0.0125
16300.0000	 390.7365	   0.0125
16400.0000	 391.7365	   0.0125
16500.0000	 392.7365	   0.0125
16600.0000	 393.7365	   0.0125
16700.0000	 394.7365	   0.0125
16800.0000	 395.7365	   0.0125
16900.0000	 396.7365	   0.0125
17000.0000	 397.7365	   0.0125
17100.0000	 398.7365	   0.0125
17200.0000	 399.7365	   0.0125
17300.0000	 400.7365	   0.0125
17400.0000	 401.7365	   0.0125
17500.0000	 402.7365	   0.0125
17600.0000	 403.7365	   0.0125
17700.0000	 404.7365	   0.0125
17800.0000	 405.7365	   0.0125
17900.0000	 406.7365	   0.0125
18000.0000	 407.7365	   0.0125
18100.0000	 408.7365	   0.0125
18200.0000	 409.7365	   0.0125
18300.0000	 410.7365	   0.0125
18400.0000	 411.7365	   0.0125
18500.0000	 412.7365	   0.0125
18600.0000	 413.7365	   0.0125
18700.0000	 414.7365	   0.0125
18800.0000	 415.7365	   0.0125
18900.0000	 416.7365	   0.0125
19000.0000	 417.7365	   0.0125
19100.0000	 418.7365	   0.0125
19200.0000	 419.7365	   0.0125
19300.0000	 420.7365	   0.0125
19400.0000	 421.7365	   0.0125
19500.0000	 422.7365	   0.0125
19600.0000	 423.7365	   0.0125
19700.0000	 424.7365	   0.0125
19800.0000	 425.7365	   0.0125
19900.0000	 426.7365	   0.0125
20000.0000	 427.7365	   0.0125