   0.0000	   0.0000	   0.0000
 100.0000	   2.0264	   7.1240
 200.0000	   2.7032	   8.8388
 300.0000	   3.3168	  10.0600
 400.0000	   3.9692	  11.1340
 500.0000	   4.6776	  12.0952
 600.0000	   5.4180	  12.8840
 700.0000	   6.3504	  13.5132
 800.0000	   7.3524	  14.1088
 900.0000	   8.4132	  14.5504
1000.0000	   9.5168	  14.8608
1100.0000	  10.5168	  15.1072
1200.0000	  11.4648	  15.1268
1300.0000	  12.3860	  15.0904
1400.0000	  13.2216	  14.9384
1500.0000	  14.0180	  14.7232
1600.0000	  14.7604	  14.4980
1700.0000	  15.2868	  14.3400
1800.0000	  15.7636	  14.1836
1900.0000	  16.2176	  14.0732
2000.0000	  16.6344	  14.0600
2100.0000	  16.9936	  14.0468
2200.0000	  17.3308	  14.0088
2300.0000	  17.6168	  13.9172
2400.0000	  17.8572	  13.8364
2500.0000	  18.0804	  13.7920
2600.0000	  18.2784	  13.7136
2700.0000	  18.4460	  13.6292
2800.0000	  18.5668	  13.5972
2900.0000	  18.6804	  13.6032
3000.0000	  18.7996	  13.5844
3100.0000	  18.9500	  13.4960
3200.0000	  19.0860	  13.4588
3300.0000	  19.2712	  13.4036
3400.0000	  19.5432	  13.2948
3500.0000	  19.8412	  13.1680
3600.0000	  20.2140	  13.0444
3700.0000	  20.6092	  12.9236
3800.0000	  21.0180	  12.7952
3900.0000	  21.4020	  12.6544
4000.0000	  21.7700	  12.5368
4100.0000	  22.1400	  12.4136
4200.0000	  22.4776	  12.3056
4300.0000	  22.7852	  12.2084
4400.0000	  23.0860	  12.1228
4500.0000	  23.3832	  12.0372
4600.0000	  23.6408	  11.9396
4700.0000	  23.8704	  11.8728
4800.0000	  24.0892	  11.7996
4900.0000	  24.2852	  11.7164
5000.0000	  24.4464	  11.6444
5100.0000	  24.5996	  11.5748
5200.0000	  24.7692	  11.5016
5300.0000	  24.9248	  11.4024
5400.0000	  25.1044	  11.3008
5500.0000	  25.2504	  11.1736
5600.0000	  25.4024	  11.0372
5700.0000	  25.5816	  10.8972
5800.0000	  25.7648	  10.7460
5900.0000	  25.9180	  10.5896
6000.0000	  26.0228	  10.4404
6100.0000	  26.1096	  10.2992
6200.0000	  26.1816	  10.1384
6300.0000	  26.2432	   9.9912
6400.0000	  26.2884	   9.8836
6500.0000	  26.3104	   9.7908
6600.0000	  26.3284	   9.6996
6700.0000	  26.3508	   9.6208
6800.0000	  26.3700	   9.5696
6900.0000	  26.3748	   9.5572
7000.0000	  26.3772	   9.5384
7100.0000	  26.3748	   9.5208
7200.0000	  26.3772	   9.5048
7300.0000	  26.4252	   9.4872
7400.0000	  26.4760	   9.4784
7500.0000	  26.4992	   9.4696
7600.0000	  26.5236	   9.4592
7700.0000	  26.5648	   9.4304
7800.0000	  26.6524	   9.3412
7900.0000	  26.7272	   9.2508
8000.0000	  26.7880	   9.1464
8100.0000	  26.8540	   9.0340
8200.0000	  26.9448	   8.8924
8300.0000	  27.0532	   8.6984
8400.0000	  27.1408	   8.4964
8500.0000	  27.2164	   8.2832
8600.0000	  27.2872	   8.0640
8700.0000	  27.3756	   7.8268
8800.0000	  27.4480	   7.5680
8900.0000	  27.5376	   7.2904
9000.0000	  27.6540	   7.0092
9100.0000	  27.7612	   6.7412
9200.0000	  27.8760	   6.4724
9300.0000	  27.9928	   6.1892
9400.0000	  28.1080	   5.9008
9500.0000	  28.2344	   5.6292
9600.0000	  28.3744	   5.3744
9700.0000	  28.5228	   5.1388
9800.0000	  28.6700	   4.9088
9900.0000	  28.8056	   4.6836
10000.0000	  28.9396	   4.4780
10100.0000	  29.0400	   4.3212
10200.0000	  29.1412	   4.1708
10300.0000	  29.2324	   4.0196
10400.0000	  29.2984	   3.8628
10500.0000	  29.3748	   3.7240
10600.0000	  29.4576	   3.5720
10700.0000	  29.5284	   3.4344
10800.0000	  29.5636	   3.3192
10900.0000	  29.5952	   3.2060
11000.0000	  29.6540	   3.0924
11100.0000	  29.7312	   2.9732
11200.0000	  29.8032	   2.8820
11300.0000	  29.8880	   2.8152
11400.0000	  29.9708	   2.7420
11500.0000	  30.0508	   2.6732
11600.0000	  30.1228	   2.6044
11700.0000	  30.2068	   2.5448
11800.0000	  30.3028	   2.4960
11900.0000	  30.3228	   2.5224
12000.0000	  30.3540	   2.7340
12100.0000	  30.3504	   2.9936
12200.0000	  30.3648	   3.2040
12300.0000	  30.3936	   3.3972
12400.0000	  30.4236	   3.5780
12500.0000	  30.4712	   3.7624
12600.0000	  30.5396	   3.9476
12700.0000	  30.6000	   4.1172
12800.0000	  30.6268	   4.0448
12900.0000	  30.5364	   4.0216
13000.0000	  30.3532	   4.0348
13100.0000	  30.1008	   4.0632
13200.0000	  29.7724	   4.0652
13300.0000	  29.3820	   4.0776
13400.0000	  28.9796	   4.0708
13500.0000	  28.5528	   4.0080
13600.0000	  28.0692	   3.9096
13700.0000	  27.4692	   3.8448
13800.0000	  26.8824	   3.7744
13900.0000	  26.4036	   3.6408
14000.0000	  25.9548	   3.5556
14100.0000	  25.4844	   3.4924
14200.0000	  25.0184	   3.4324
14300.0000	  24.6176	   3.3708
14400.0000	  24.2392	   3.3344
14500.0000	  23.8632	   3.3308
14600.0000	  23.4584	   3.3716
14700.0000	  23.0440	   3.4540
14800.0000	  22.7224	   3.6512
14900.0000	  22.4388	   3.8992
15000.0000	  22.0400	   4.1192
15100.0000	  22.0400	   4.1192
15200.0000	  22.0400	   4.1192
15300.0000	  22.0400	   4.1192
15400.0000	  22.0400	   4.1192
15500.0000	  22.0400	   4.1192
15600.0000	  22.0400	   4.1192
15700.0000	  22.0400	   4.1192
15800.0000	  22.0400	   4.1192
15900.0000	  22.0400	   4.1192
16000.0000	  22.0400	   4.1192
16100.0000	  22.0400	   4.1192
16200.0000	  22.0400	   4.1192
16300.0000	  22.0400	   4.1192
16400.0000	  22.0400	   4.1192
16500.0000	  22.0400	   4.1192
16600.0000	  22.0400	   4.1192
16700.0000	  22.0400	   4.1192
16800.0000	  22.0400	   4.1192
16900.0000	  22.0400	   4.1192
17000.0000	  22.0400	   4.1192
17100.0000	  22.0400	   4.1192
17200.0000	  22.0400	   4.1192
17300.0000	  22.0400	   4.1192
17400.0000	  22.0400	   4.1192
17500.0000	  22.0400	   4.1192
17600.0000	  22.0400	   4.1192
17700.0000	  22.0400	   4.1192
17800.0000	  22.0400	   4.1192
17900.0000	  22.0400	   4.1192
18000.0000	  22.0400	   4.1192
18100.0000	  22.0400	   4.1192
18200.0000	  22.0400	   4.1192
18300.0000	  22.0400	   4.1192
18400.0000	  22.0400	   4.1192
18500.0000	  22.0400	   4.1192
18600.0000	  22.0400	   4.1192
18700.0000	  22.0400	   4.1192
18800.0000	  22.0400	   4.1192
18900.0000	  22.0400	   4.1192
19000.0000	  22.0400	   4.1192
19100.0000	  22.0400	   4.1192
19200.0000	  22.0400	   4.1192
19300.0000	  22.0400	   4.1192
19400.0000	  22.0400	   4.1192
19500.0000	  22.0400	   4.1192
19600.0000	  22.0400	   4.1192
19700.0000	  22.0400	   4.1192
19800.0000	  22.0400	   4.1192
19900.0000	  22.0400	   4.1192
20000.0000	  22.0400	   4.1192