   0.0000	   0.0000	   0.0000
 100.0000	   1.4195	   3.7154
 200.0000	   1.8611	   4.9270
 300.0000	   2.3073	   5.9211
 400.0000	   2.8108	   6.6938
 500.0000	   3.3295	   7.3532
 600.0000	   3.9165	   7.8311
 700.0000	   4.5122	   8.2559
 800.0000	   5.1427	   8.5654
 900.0000	   5.8051	   8.8432
1000.0000	   6.4819	   9.0697
1100.0000	   7.1435	   9.2268
1200.0000	   7.8089	   9.3424
1300.0000	   8.4330	   9.3295
1400.0000	   9.0557	   9.2535
1500.0000	   9.6835	   9.1454
1600.0000	  10.2903	   8.9811
1700.0000	  10.8838	   8.7970
1800.0000	  11.4268	   8.6176
1900.0000	  11.9576	   8.4284
2000.0000	  12.4795	   8.2346
2100.0000	  12.9743	   8.0746
2200.0000	  13.4432	   7.9378
2300.0000	  13.9092	   7.7965
2400.0000	  14.3335	   7.6643
2500.0000	  14.7273	   7.5438
2600.0000	  15.0843	   7.4524
2700.0000	  15.4165	   7.3892
2800.0000	  15.7224	   7.3249
2900.0000	  16.0097	   7.2535
3000.0000	  16.2846	   7.1754
3100.0000	  16.5392	   7.1041
3200.0000	  16.8105	   7.0473
3300.0000	  17.1038	   7.0095
3400.0000	  17.3968	   6.9827
3500.0000	  17.7011	   6.9851
3600.0000	  18.0049	   6.9903
3700.0000	  18.3005	   6.9941
3800.0000	  18.5851	   6.9978
3900.0000	  18.8473	   6.9978
4000.0000	  19.1116	   6.9824
4100.0000	  19.3584	   6.9808
4200.0000	  19.5527	   7.0008
4300.0000	  19.7362	   7.0173
4400.0000	  19.9170	   7.0205
4500.0000	  20.1030	   7.0003
4600.0000	  20.2781	   6.9762
4700.0000	  20.4573	   6.9570
4800.0000	  20.6546	   6.9024
4900.0000	  20.8576	   6.8378
5000.0000	  21.0522	   6.7803
5100.0000	  21.2495	   6.7246
5200.0000	  21.4689	   6.6676
5300.0000	  21.6908	   6.6222
5400.0000	  21.9249	   6.5962
5500.0000	  22.1854	   6.5797
5600.0000	  22.4703	   6.5649
5700.0000	  22.7597	   6.5595
5800.0000	  23.0627	   6.5603
5900.0000	  23.4243	   6.6192
6000.0000	  23.7862	   6.7122
6100.0000	  24.1603	   6.8278
6200.0000	  24.5362	   6.9584
6300.0000	  24.9097	   7.1030
6400.0000	  25.2619	   7.2692
6500.0000	  25.6232	   7.4343
6600.0000	  25.9924	   7.6089
6700.0000	  26.3549	   7.7868
6800.0000	  26.6724	   7.9943
6900.0000	  26.9724	   8.2032
7000.0000	  27.2889	   8.3989
7100.0000	  27.6089	   8.5870
7200.0000	  27.8768	   8.7457
7300.0000	  28.1449	   8.8830
7400.0000	  28.4073	   8.9981
7500.0000	  28.6705	   9.0997
7600.0000	  28.9141	   9.1916
7700.0000	  29.1462	   9.2543
7800.0000	  29.3830	   9.3070
7900.0000	  29.6205	   9.3343
8000.0000	  29.8624	   9.3705
8100.0000	  30.1168	   9.4119
8200.0000	  30.3776	   9.4265
8300.0000	  30.6424	   9.4373
8400.0000	  30.9222	   9.4378
8500.0000	  31.1835	   9.4549
8600.0000	  31.4670	   9.4930
8700.0000	  31.7738	   9.5224
8800.0000	  32.0927	   9.5343
8900.0000	  32.4200	   9.5511
9000.0000	  32.7500	   9.5797
9100.0000	  33.0451	   9.6124
9200.0000	  33.3565	   9.6232
9300.0000	  33.6927	   9.6316
9400.0000	  34.0416	   9.6411
9500.0000	  34.3876	   9.6681
9600.0000	  34.7141	   9.7062
9700.0000	  35.0227	   9.7262
9800.0000	  35.3016	   9.6643
9900.0000	  35.5727	   9.5986
10000.0000	  35.8414	   9.5414
10100.0000	  36.0949	   9.5016
10200.0000	  36.3373	   9.4641
10300.0000	  36.5805	   9.4116
10400.0000	  36.7914	   9.3770
10500.0000	  37.0103	   9.3397
10600.0000	  37.2297	   9.2984
10700.0000	  37.4405	   9.2630
10800.0000	  37.6468	   9.2368
10900.0000	  37.8405	   9.1973
11000.0000	  37.9908	   9.0968
11100.0000	  37.9638	   9.0489
11200.0000	  37.9200	   9.0389
11300.0000	  37.8916	   9.0184
11400.0000	  37.8705	   8.9824
11500.0000	  37.8830	   8.9600
11600.0000	  37.9041	   8.9346
11700.0000	  37.9059	   8.8908
11800.0000	  37.9265	   8.7441
11900.0000	  37.9808	   8.5465
12000.0000	  38.0424	   8.4014
12100.0000	  38.0711	   8.2462
12200.0000	  38.1035	   8.0905
12300.0000	  38.1430	   7.9295
12400.0000	  38.1781	   7.7595
12500.0000	  38.2032	   7.5654
12600.0000	  38.1643	   7.3805
12700.0000	  37.9365	   7.1203
12800.0000	  37.5684	   6.8214
12900.0000	  37.0635	   6.5308
13000.0000	  36.5124	   6.2476
13100.0000	  35.9008	   5.9457
13200.0000	  35.2900	   5.6424
13300.0000	  34.6803	   5.3381
13400.0000	  34.0657	   5.0624
13500.0000	  33.4238	   4.8208
13600.0000	  32.7943	   4.7422
13700.0000	  32.2162	   4.7657
13800.0000	  31.6638	   4.7427
13900.0000	  31.1146	   4.7376
14000.0000	  30.5719	   4.7784
14100.0000	  30.0030	   4.8457
14200.0000	  29.4330	   4.9165
14300.0000	  28.8616	   4.9846
14400.0000	  28.2922	   5.0538
14500.0000	  27.7249	   5.1200
14600.0000	  27.1738	   5.1862
14700.0000	  26.6457	   5.2203
14800.0000	  26.0881	   5.1222
14900.0000	  25.4878	   5.0338
15000.0000	  24.8905	   4.9692
15100.0000	  24.8905	   4.9692
15200.0000	  24.8905	   4.9692
15300.0000	  24.8905	   4.9692
15400.0000	  24.8905	   4.9692
15500.0000	  24.8905	   4.9692
15600.0000	  24.8905	   4.9692
15700.0000	  24.8905	   4.9692
15800.0000	  24.8905	   4.9692
15900.0000	  24.8905	   4.9692
16000.0000	  24.8905	   4.9692
16100.0000	  24.8905	   4.9692
16200.0000	  24.8905	   4.9692
16300.0000	  24.8905	   4.9692
16400.0000	  24.8905	   4.9692
16500.0000	  24.8905	   4.9692
16600.0000	  24.8905	   4.9692
16700.0000	  24.8905	   4.9692
16800.0000	  24.8905	   4.9692
16900.0000	  24.8905	   4.9692
17000.0000	  24.8905	   4.9692
17100.0000	  24.8905	   4.9692
17200.0000	  24.8905	   4.9692
17300.0000	  24.8905	   4.9692
17400.0000	  24.8905	   4.9692
17500.0000	  24.8905	   4.9692
17600.0000	  24.8905	   4.9692
17700.0000	  24.8905	   4.9692
17800.0000	  24.8905	   4.9692
17900.0000	  24.8905	   4.9692
18000.0000	  24.8905	   4.9692
18100.0000	  24.8905	   4.9692
18200.0000	  24.8905	   4.9692
18300.0000	  24.8905	   4.9692
18400.0000	  24.8905	   4.9692
18500.0000	  24.8905	   4.9692
18600.0000	  24.8905	   4.9692
18700.0000	  24.8905	   4.9692
18800.0000	  24.8905	   4.9692
18900.0000	  24.8905	   4.9692
19000.0000	  24.8905	   4.9692
19100.0000	  24.8905	   4.9692
19200.0000	  24.8905	   4.9692
19300.0000	  24.8905	   4.9692
19400.0000	  24.8905	   4.9692
19500.0000	  24.8905	   4.9692
19600.0000	  24.8905	   4.9692
19700.0000	  24.8905	   4.9692
19800.0000	  24.8905	   4.9692
19900.0000	  24.8905	   4.9692
20000.0000	  24.8905	   4.9692