 944.9520	 299.1164	  12.5459
 100.0000	 299.8065	  12.3625
 200.0000	 300.2235	  12.1790
 300.0000	 300.5934	  12.0223
 400.0000	 300.9616	  11.9249
 500.0000	 301.3846	  11.8489
 600.0000	 301.7921	  11.7151
 700.0000	 302.1941	  11.5361
 800.0000	 302.6316	  11.3432
 900.0000	 303.0855	  11.0986
1000.0000	 303.5066	  10.8206
1100.0000	 303.8985	  10.5369
1200.0000	 304.2733	  10.2275
1300.0000	 304.6616	   9.8857
1400.0000	 305.0606	   9.5395
1500.0000	 305.4990	   9.2230
1600.0000	 305.9600	   8.9273
1700.0000	 306.4338	   8.6016
1800.0000	 306.9059	   8.2663
1900.0000	 307.3512	   7.9228
2000.0000	 307.7899	   7.5995
2100.0000	 308.2447	   7.2520
2200.0000	 308.7185	   6.8861
2300.0000	 309.1663	   6.5177
2400.0000	 309.6031	   6.1805
2500.0000	 310.0253	   5.8811
2600.0000	 310.4355	   5.6081
2700.0000	 310.8092	   5.3638
2800.0000	 311.1816	   5.1459
2900.0000	 311.5663	   4.9636
3000.0000	 311.9761	   4.8007
3100.0000	 312.4152	   4.6469
3200.0000	 312.8450	   4.4968
3300.0000	 313.2535	   4.3698
3400.0000	 313.6249	   4.2538
3500.0000	 313.9723	   4.1464
3600.0000	 314.2942	   4.0546
3700.0000	 314.6220	   3.9627
3800.0000	 314.9595	   3.8673
3900.0000	 315.3062	   3.7809
4000.0000	 315.6538	   3.7009
4100.0000	 315.9982	   3.6172
4200.0000	 316.3529	   3.5366
4300.0000	 316.7235	   3.4578
4400.0000	 317.0804	   3.3808
4500.0000	 317.4380	   3.3020
4600.0000	 317.8048	   3.2172
4700.0000	 318.1690	   3.1323
4800.0000	 318.5338	   3.0449
4900.0000	 318.8942	   2.9548
5000.0000	 319.2667	   2.8626
5100.0000	 319.6412	   2.7690
5200.0000	 320.0253	   2.6768
5300.0000	 320.4132	   2.5857
5400.0000	 320.7980	   2.4902
5500.0000	 321.1846	   2.3947
5600.0000	 321.5929	   2.3014
5700.0000	 322.0121	   2.2097
5800.0000	 322.4340	   2.1181
5900.0000	 322.8506	   2.0256
6000.0000	 323.2728	   1.9357
6100.0000	 323.7067	   1.8480
6200.0000	 324.1492	   1.7620
6300.0000	 324.6106	   1.6790
6400.0000	 325.0654	   1.5976
6500.0000	 325.5306	   1.5197
6600.0000	 326.0012	   1.4478
6700.0000	 326.4714	   1.3792
6800.0000	 326.9416	   1.3133
6900.0000	 327.3983	   1.2489
7000.0000	 327.8589	   1.1879
7100.0000	 328.3040	   1.1301
7200.0000	 328.7072	   1.0740
7300.0000	 329.0938	   1.0189
7400.0000	 329.4638	   0.9665
7500.0000	 329.8340	   0.9168
7600.0000	 330.2049	   0.8703
7700.0000	 330.5530	   0.8263
7800.0000	 330.8618	   0.7825
7900.0000	 331.1691	   0.7409
8000.0000	 331.4744	   0.7002
8100.0000	 331.7860	   0.6620
8200.0000	 332.0911	   0.6251
8300.0000	 332.3592	   0.5900
8400.0000	 332.6225	   0.5565
8500.0000	 332.8863	   0.5244
8600.0000	 333.1567	   0.4939
8700.0000	 333.4305	   0.4644
8800.0000	 333.6967	   0.4367
8900.0000	 333.9632	   0.4104
9000.0000	 334.2345	   0.3854
9100.0000	 334.5161	   0.3612
9200.0000	 334.8083	   0.3382
9300.0000	 335.0914	   0.3161
9400.0000	 335.3449	   0.2944
9500.0000	 335.5591	   0.2737
9600.0000	 335.7761	   0.2542
9700.0000	 336.0012	   0.2358
9800.0000	 336.2343	   0.2183
9900.0000	 336.4697	   0.2020
10000.0000	 336.6850	   0.1867
10100.0000	 336.8811	   0.1724
10200.0000	 337.0791	   0.1591
10300.0000	 337.2759	   0.1466
10400.0000	 337.4854	   0.1351
10500.0000	 337.7051	   0.1243
10600.0000	 337.9293	   0.1142
10700.0000	 338.1458	   0.1047
10800.0000	 338.3550	   0.0958
10900.0000	 338.5724	   0.0876
11000.0000	 338.7865	   0.0799
11100.0000	 339.0203	   0.0729
11200.0000	 339.2949	   0.0667
11300.0000	 339.5945	   0.0609
11400.0000	 339.9127	   0.0559
11500.0000	 340.2410	   0.0512
11600.0000	 340.5966	   0.0469
11700.0000	 340.9700	   0.0430
11800.0000	 341.3735	   0.0395
11900.0000	 341.8319	   0.0364
12000.0000	 342.3125	   0.0335
12100.0000	 342.8749	   0.0311
12200.0000	 343.5029	   0.0289
12300.0000	 344.2465	   0.0270
12400.0000	 345.1255	   0.0254
12500.0000	 346.0626	   0.0240
12600.0000	 347.0609	   0.0227
12700.0000	 348.1312	   0.0216
12800.0000	 349.2725	   0.0205
12900.0000	 350.4391	   0.0196
13000.0000	 351.6481	   0.0187
13100.0000	 352.9090	   0.0179
13200.0000	 354.3168	   0.0173
13300.0000	 355.7952	   0.0170
13400.0000	 357.3884	   0.0168
13500.0000	 359.1343	   0.0168
13600.0000	 360.8997	   0.0169
13700.0000	 362.6327	   0.0168
13800.0000	 364.4127	   0.0168
13900.0000	 366.2607	   0.0168
14000.0000	 368.1594	   0.0169
14100.0000	 370.0641	   0.0169
14200.0000	 371.9640	   0.0169
14300.0000	 373.8228	   0.0168
14400.0000	 375.6556	   0.0166
14500.0000	 377.4409	   0.0162
14600.0000	 379.1905	   0.0158
14700.0000	 380.9383	   0.0153
14800.0000	 382.7265	   0.0148
14900.0000	 384.5471	   0.0142
15000.0000	 386.3722	   0.0136
15100.0000	 387.3722	   0.0136
15200.0000	 388.3722	   0.0136
15300.0000	 389.3722	   0.0136
15400.0000	 390.3722	   0.0136
15500.0000	 391.3722	   0.0136
15600.0000	 392.3722	   0.0136
15700.0000	 393.3722	   0.0136
15800.0000	 394.3722	   0.0136
15900.0000	 395.3722	   0.0136
16000.0000	 396.3722	   0.0136
16100.0000	 397.3722	   0.0136
16200.0000	 398.3722	   0.0136
16300.0000	 399.3722	   0.0136
16400.0000	 400.3722	   0.0136
16500.0000	 401.3722	   0.0136
16600.0000	 402.3722	   0.0136
16700.0000	 403.3722	   0.0136
16800.0000	 404.3722	   0.0136
16900.0000	 405.3722	   0.0136
17000.0000	 406.3722	   0.0136
17100.0000	 407.3722	   0.0136
17200.0000	 408.3722	   0.0136
17300.0000	 409.3722	   0.0136
17400.0000	 410.3722	   0.0136
17500.0000	 411.3722	   0.0136
17600.0000	 412.3722	   0.0136
17700.0000	 413.3722	   0.0136
17800.0000	 414.3722	   0.0136
17900.0000	 415.3722	   0.0136
18000.0000	 416.3722	   0.0136
18100.0000	 417.3722	   0.0136
18200.0000	 418.3722	   0.0136
18300.0000	 419.3722	   0.0136
18400.0000	 420.3722	   0.0136
18500.0000	 421.3722	   0.0136
18600.0000	 422.3722	   0.0136
18700.0000	 423.3722	   0.0136
18800.0000	 424.3722	   0.0136
18900.0000	 425.3722	   0.0136
19000.0000	 426.3722	   0.0136
19100.0000	 427.3722	   0.0136
19200.0000	 428.3722	   0.0136
19300.0000	 429.3722	   0.0136
19400.0000	 430.3722	   0.0136
19500.0000	 431.3722	   0.0136
19600.0000	 432.3722	   0.0136
19700.0000	 433.3722	   0.0136
19800.0000	 434.3722	   0.0136
19900.0000	 435.3722	   0.0136
20000.0000	 436.3722	   0.0136