 930.2700	 300.6809	  12.7553
 100.0000	 301.3066	  12.1187
 200.0000	 301.5748	  11.8258
 300.0000	 301.8210	  11.6217
 400.0000	 302.0640	  11.4346
 500.0000	 302.3091	  11.2435
 600.0000	 302.5863	  11.0455
 700.0000	 302.8793	  10.8400
 800.0000	 303.2420	  10.6210
 900.0000	 303.6545	  10.4053
1000.0000	 304.0913	  10.1498
1100.0000	 304.5114	   9.8831
1200.0000	 304.9252	   9.6111
1300.0000	 305.3238	   9.3118
1400.0000	 305.7130	   8.9749
1500.0000	 306.1373	   8.6386
1600.0000	 306.5767	   8.2755
1700.0000	 307.0289	   7.9164
1800.0000	 307.4768	   7.5445
1900.0000	 307.9330	   7.1967
2000.0000	 308.3972	   6.8459
2100.0000	 308.8640	   6.5037
2200.0000	 309.3236	   6.1824
2300.0000	 309.7774	   5.8790
2400.0000	 310.1882	   5.6401
2500.0000	 310.5919	   5.4362
2600.0000	 310.9971	   5.2462
2700.0000	 311.4041	   5.0454
2800.0000	 311.8159	   4.8536
2900.0000	 312.2328	   4.6771
3000.0000	 312.6408	   4.5041
3100.0000	 313.0398	   4.3510
3200.0000	 313.4185	   4.1979
3300.0000	 313.7912	   4.0553
3400.0000	 314.1589	   3.8991
3500.0000	 314.5219	   3.7553
3600.0000	 314.8908	   3.6279
3700.0000	 315.2534	   3.5024
3800.0000	 315.6045	   3.3824
3900.0000	 315.9557	   3.2748
4000.0000	 316.3053	   3.1803
4100.0000	 316.6503	   3.1059
4200.0000	 316.9978	   3.0396
4300.0000	 317.3476	   2.9734
4400.0000	 317.6976	   2.9096
4500.0000	 318.0556	   2.8509
4600.0000	 318.4152	   2.7909
4700.0000	 318.7836	   2.7222
4800.0000	 319.1697	   2.6456
4900.0000	 319.5734	   2.5688
5000.0000	 319.9799	   2.4929
5100.0000	 320.3888	   2.4160
5200.0000	 320.8118	   2.3354
5300.0000	 321.2480	   2.2469
5400.0000	 321.6938	   2.1576
5500.0000	 322.1362	   2.0692
5600.0000	 322.5841	   1.9780
5700.0000	 323.0314	   1.8864
5800.0000	 323.4971	   1.7998
5900.0000	 323.9564	   1.7175
6000.0000	 324.4132	   1.6359
6100.0000	 324.8575	   1.5560
6200.0000	 325.2961	   1.4805
6300.0000	 325.7376	   1.4090
6400.0000	 326.1757	   1.3390
6500.0000	 326.5958	   1.2729
6600.0000	 326.9972	   1.2100
6700.0000	 327.3942	   1.1506
6800.0000	 327.7857	   1.0950
6900.0000	 328.1717	   1.0421
7000.0000	 328.5399	   0.9916
7100.0000	 328.8941	   0.9431
7200.0000	 329.2419	   0.8972
7300.0000	 329.5714	   0.8536
7400.0000	 329.9052	   0.8121
7500.0000	 330.2238	   0.7725
7600.0000	 330.5370	   0.7342
7700.0000	 330.8475	   0.6983
7800.0000	 331.1477	   0.6647
7900.0000	 331.4550	   0.6330
8000.0000	 331.7591	   0.6025
8100.0000	 332.0577	   0.5728
8200.0000	 332.3533	   0.5438
8300.0000	 332.6425	   0.5161
8400.0000	 332.9374	   0.4900
8500.0000	 333.2410	   0.4649
8600.0000	 333.5416	   0.4398
8700.0000	 333.8325	   0.4152
8800.0000	 334.1331	   0.3918
8900.0000	 334.4346	   0.3690
9000.0000	 334.7453	   0.3472
9100.0000	 335.0607	   0.3260
9200.0000	 335.3348	   0.3050
9300.0000	 335.5869	   0.2847
9400.0000	 335.8309	   0.2652
9500.0000	 336.0518	   0.2461
9600.0000	 336.2841	   0.2282
9700.0000	 336.5192	   0.2114
9800.0000	 336.7493	   0.1959
9900.0000	 336.9626	   0.1815
10000.0000	 337.1705	   0.1678
10100.0000	 337.3749	   0.1550
10200.0000	 337.5849	   0.1429
10300.0000	 337.8059	   0.1317
10400.0000	 338.0358	   0.1212
10500.0000	 338.2684	   0.1115
10600.0000	 338.4968	   0.1021
10700.0000	 338.7364	   0.0935
10800.0000	 338.9694	   0.0856
10900.0000	 339.2050	   0.0783
11000.0000	 339.4559	   0.0715
11100.0000	 339.7131	   0.0654
11200.0000	 339.9842	   0.0597
11300.0000	 340.2663	   0.0547
11400.0000	 340.5839	   0.0504
11500.0000	 340.9298	   0.0465
11600.0000	 341.3142	   0.0431
11700.0000	 341.7169	   0.0400
11800.0000	 342.1500	   0.0371
11900.0000	 342.6034	   0.0345
12000.0000	 343.1338	   0.0322
12100.0000	 343.7805	   0.0302
12200.0000	 344.5092	   0.0285
12300.0000	 345.2649	   0.0270
12400.0000	 346.1986	   0.0257
12500.0000	 347.1941	   0.0246
12600.0000	 348.2452	   0.0235
12700.0000	 349.3827	   0.0225
12800.0000	 350.5556	   0.0215
12900.0000	 351.7634	   0.0206
13000.0000	 352.9606	   0.0197
13100.0000	 354.3479	   0.0191
13200.0000	 355.9198	   0.0188
13300.0000	 357.5987	   0.0186
13400.0000	 359.3209	   0.0185
13500.0000	 361.1050	   0.0185
13600.0000	 362.9267	   0.0185
13700.0000	 364.7848	   0.0186
13800.0000	 366.6822	   0.0186
13900.0000	 368.6348	   0.0186
14000.0000	 370.6174	   0.0186
14100.0000	 372.5907	   0.0185
14200.0000	 374.4802	   0.0184
14300.0000	 376.3545	   0.0181
14400.0000	 378.1508	   0.0177
14500.0000	 379.8760	   0.0171
14600.0000	 381.6226	   0.0165
14700.0000	 383.3679	   0.0158
14800.0000	 385.1430	   0.0151
14900.0000	 386.9545	   0.0143
15000.0000	 388.8384	   0.0135
15100.0000	 389.8384	   0.0135
15200.0000	 390.8384	   0.0135
15300.0000	 391.8384	   0.0135
15400.0000	 392.8384	   0.0135
15500.0000	 393.8384	   0.0135
15600.0000	 394.8384	   0.0135
15700.0000	 395.8384	   0.0135
15800.0000	 396.8384	   0.0135
15900.0000	 397.8384	   0.0135
16000.0000	 398.8384	   0.0135
16100.0000	 399.8384	   0.0135
16200.0000	 400.8384	   0.0135
16300.0000	 401.8384	   0.0135
16400.0000	 402.8384	   0.0135
16500.0000	 403.8384	   0.0135
16600.0000	 404.8384	   0.0135
16700.0000	 405.8384	   0.0135
16800.0000	 406.8384	   0.0135
16900.0000	 407.8384	   0.0135
17000.0000	 408.8384	   0.0135
17100.0000	 409.8384	   0.0135
17200.0000	 410.8384	   0.0135
17300.0000	 411.8384	   0.0135
17400.0000	 412.8384	   0.0135
17500.0000	 413.8384	   0.0135
17600.0000	 414.8384	   0.0135
17700.0000	 415.8384	   0.0135
17800.0000	 416.8384	   0.0135
17900.0000	 417.8384	   0.0135
18000.0000	 418.8384	   0.0135
18100.0000	 419.8384	   0.0135
18200.0000	 420.8384	   0.0135
18300.0000	 421.8384	   0.0135
18400.0000	 422.8384	   0.0135
18500.0000	 423.8384	   0.0135
18600.0000	 424.8384	   0.0135
18700.0000	 425.8384	   0.0135
18800.0000	 426.8384	   0.0135
18900.0000	 427.8384	   0.0135
19000.0000	 428.8384	   0.0135
19100.0000	 429.8384	   0.0135
19200.0000	 430.8384	   0.0135
19300.0000	 431.8384	   0.0135
19400.0000	 432.8384	   0.0135
19500.0000	 433.8384	   0.0135
19600.0000	 434.8384	   0.0135
19700.0000	 435.8384	   0.0135
19800.0000	 436.8384	   0.0135
19900.0000	 437.8384	   0.0135
20000.0000	 438.8384	   0.0135