   0.0000	   0.0000	   0.0000
 100.0000	   0.7576	   8.2944
 200.0000	   1.2048	  10.7424
 300.0000	   1.8524	  12.3628
 400.0000	   2.7236	  13.5884
 500.0000	   3.6876	  14.5664
 600.0000	   4.7152	  15.2188
 700.0000	   5.6784	  15.6852
 800.0000	   6.6772	  15.9784
 900.0000	   7.6544	  16.1296
1000.0000	   8.6552	  16.1852
1100.0000	   9.6224	  16.1052
1200.0000	  10.6232	  15.9568
1300.0000	  11.5976	  15.7388
1400.0000	  12.5660	  15.5000
1500.0000	  13.5264	  15.2052
1600.0000	  14.4188	  14.9388
1700.0000	  15.2828	  14.6796
1800.0000	  16.0944	  14.4012
1900.0000	  16.7924	  14.1524
2000.0000	  17.4372	  13.9108
2100.0000	  18.0392	  13.6436
2200.0000	  18.5548	  13.3600
2300.0000	  18.9964	  13.1220
2400.0000	  19.4172	  12.9740
2500.0000	  19.8484	  12.8468
2600.0000	  20.2068	  12.7352
2700.0000	  20.5688	  12.6812
2800.0000	  20.9160	  12.6480
2900.0000	  21.2124	  12.6192
3000.0000	  21.4808	  12.5924
3100.0000	  21.6768	  12.5360
3200.0000	  21.8232	  12.4780
3300.0000	  21.9688	  12.4468
3400.0000	  22.1072	  12.4468
3500.0000	  22.2656	  12.4448
3600.0000	  22.4316	  12.4372
3700.0000	  22.6052	  12.4440
3800.0000	  22.7888	  12.4548
3900.0000	  22.9712	  12.4420
4000.0000	  23.1468	  12.4176
4100.0000	  23.3136	  12.3876
4200.0000	  23.4668	  12.3488
4300.0000	  23.6228	  12.3020
4400.0000	  23.7756	  12.2492
4500.0000	  23.9084	  12.1936
4600.0000	  24.0196	  12.1284
4700.0000	  24.1264	  12.0532
4800.0000	  24.2264	  11.9744
4900.0000	  24.3096	  11.8940
5000.0000	  24.3748	  11.8084
5100.0000	  24.4040	  11.7100
5200.0000	  24.4172	  11.6144
5300.0000	  24.4116	  11.5252
5400.0000	  24.4060	  11.4356
5500.0000	  24.3968	  11.3504
5600.0000	  24.3972	  11.2668
5700.0000	  24.3992	  11.1968
5800.0000	  24.3636	  11.1384
5900.0000	  24.3268	  11.0756
6000.0000	  24.2956	  11.0124
6100.0000	  24.2768	  10.9568
6200.0000	  24.2388	  10.9052
6300.0000	  24.1992	  10.8552
6400.0000	  24.1736	  10.7900
6500.0000	  24.1576	  10.7024
6600.0000	  24.1612	  10.6020
6700.0000	  24.1540	  10.5036
6800.0000	  24.1420	  10.4084
6900.0000	  24.1352	  10.3200
7000.0000	  24.1480	  10.2108
7100.0000	  24.1548	  10.0972
7200.0000	  24.1504	   9.9948
7300.0000	  24.1416	   9.8976
7400.0000	  24.1328	   9.8032
7500.0000	  24.1248	   9.7044
7600.0000	  24.1104	   9.6192
7700.0000	  24.0944	   9.5500
7800.0000	  24.0764	   9.4788
7900.0000	  24.0580	   9.4064
8000.0000	  24.0344	   9.3360
8100.0000	  24.0264	   9.2832
8200.0000	  24.0364	   9.2336
8300.0000	  24.0544	   9.1716
8400.0000	  24.0692	   9.1044
8500.0000	  24.0860	   9.0336
8600.0000	  24.1276	   8.9448
8700.0000	  24.2048	   8.8508
8800.0000	  24.2936	   8.7596
8900.0000	  24.4128	   8.6772
9000.0000	  24.5316	   8.6000
9100.0000	  24.6528	   8.4984
9200.0000	  24.7440	   8.3820
9300.0000	  24.8264	   8.2456
9400.0000	  24.9028	   8.0924
9500.0000	  24.9912	   7.9292
9600.0000	  25.0792	   7.7636
9700.0000	  25.1748	   7.6084
9800.0000	  25.2608	   7.4688
9900.0000	  25.3348	   7.2980
10000.0000	  25.4036	   7.1172
10100.0000	  25.4660	   6.9472
10200.0000	  25.5296	   6.7780
10300.0000	  25.5944	   6.6132
10400.0000	  25.6504	   6.4504
10500.0000	  25.7084	   6.2956
10600.0000	  25.7760	   6.1640
10700.0000	  25.8448	   6.0468
10800.0000	  25.9056	   5.9544
10900.0000	  25.9668	   5.8772
11000.0000	  26.0296	   5.8028
11100.0000	  26.1016	   5.7284
11200.0000	  26.1968	   5.6748
11300.0000	  26.3308	   5.6312
11400.0000	  26.5588	   5.6528
11500.0000	  26.8216	   5.6856
11600.0000	  27.1120	   5.7192
11700.0000	  27.4136	   5.7572
11800.0000	  27.7264	   5.7944
11900.0000	  28.0772	   5.8452
12000.0000	  28.4016	   5.9148
12100.0000	  28.6560	   6.0428
12200.0000	  28.7548	   6.2052
12300.0000	  28.7620	   6.3420
12400.0000	  28.5936	   6.4912
12500.0000	  28.4080	   6.6344
12600.0000	  28.1852	   6.8156
12700.0000	  27.9572	   6.9760
12800.0000	  27.7312	   7.1308
12900.0000	  27.4888	   7.2880
13000.0000	  27.2036	   7.3732
13100.0000	  26.7544	   7.3936
13200.0000	  26.1364	   7.3772
13300.0000	  25.4156	   7.3008
13400.0000	  24.6512	   7.1780
13500.0000	  23.8784	   7.0556
13600.0000	  23.1100	   6.8884
13700.0000	  22.3408	   6.7104
13800.0000	  21.5712	   6.5320
13900.0000	  20.7988	   6.3784
14000.0000	  20.0296	   6.2316
14100.0000	  19.2992	   6.1196
14200.0000	  18.7528	   5.9920
14300.0000	  18.3976	   5.8420
14400.0000	  18.1560	   5.7520
14500.0000	  18.0604	   5.6904
14600.0000	  17.9496	   5.6024
14700.0000	  17.8208	   5.5404
14800.0000	  17.6920	   5.4960
14900.0000	  17.5628	   5.4524
15000.0000	  17.4328	   5.3756
15100.0000	  17.4328	   5.3756
15200.0000	  17.4328	   5.3756
15300.0000	  17.4328	   5.3756
15400.0000	  17.4328	   5.3756
15500.0000	  17.4328	   5.3756
15600.0000	  17.4328	   5.3756
15700.0000	  17.4328	   5.3756
15800.0000	  17.4328	   5.3756
15900.0000	  17.4328	   5.3756
16000.0000	  17.4328	   5.3756
16100.0000	  17.4328	   5.3756
16200.0000	  17.4328	   5.3756
16300.0000	  17.4328	   5.3756
16400.0000	  17.4328	   5.3756
16500.0000	  17.4328	   5.3756
16600.0000	  17.4328	   5.3756
16700.0000	  17.4328	   5.3756
16800.0000	  17.4328	   5.3756
16900.0000	  17.4328	   5.3756
17000.0000	  17.4328	   5.3756
17100.0000	  17.4328	   5.3756
17200.0000	  17.4328	   5.3756
17300.0000	  17.4328	   5.3756
17400.0000	  17.4328	   5.3756
17500.0000	  17.4328	   5.3756
17600.0000	  17.4328	   5.3756
17700.0000	  17.4328	   5.3756
17800.0000	  17.4328	   5.3756
17900.0000	  17.4328	   5.3756
18000.0000	  17.4328	   5.3756
18100.0000	  17.4328	   5.3756
18200.0000	  17.4328	   5.3756
18300.0000	  17.4328	   5.3756
18400.0000	  17.4328	   5.3756
18500.0000	  17.4328	   5.3756
18600.0000	  17.4328	   5.3756
18700.0000	  17.4328	   5.3756
18800.0000	  17.4328	   5.3756
18900.0000	  17.4328	   5.3756
19000.0000	  17.4328	   5.3756
19100.0000	  17.4328	   5.3756
19200.0000	  17.4328	   5.3756
19300.0000	  17.4328	   5.3756
19400.0000	  17.4328	   5.3756
19500.0000	  17.4328	   5.3756
19600.0000	  17.4328	   5.3756
19700.0000	  17.4328	   5.3756
19800.0000	  17.4328	   5.3756
19900.0000	  17.4328	   5.3756
20000.0000	  17.4328	   5.3756