 976.2337	 299.4468	  14.8219
 100.0000	 299.6015	  14.2950	   3.1938	   3.8756
 200.0000	 299.7816	  14.0674	   4.0025	   4.7781
 300.0000	 299.8103	  13.9043	   4.6931	   5.4863
 400.0000	 299.8841	  13.6971	   5.4350	   6.0375
 500.0000	 299.9848	  13.4781	   6.2387	   6.5181
 600.0000	 300.1518	  13.2357	   7.0806	   6.8462
 700.0000	 300.4012	  12.9493	   8.0350	   7.0681
 800.0000	 300.7468	  12.6859	   8.9969	   7.2956
 900.0000	 301.1410	  12.4006	   9.8663	   7.4750
1000.0000	 301.5813	  12.0615	  10.7431	   7.6369
1100.0000	 301.9692	  11.7287	  11.4700	   7.7856
1200.0000	 302.3485	  11.4264	  12.0888	   7.8994
1300.0000	 302.7526	  11.1041	  12.6562	   7.9969
1400.0000	 303.1832	  10.6849	  13.1681	   8.0794
1500.0000	 303.6113	  10.2367	  13.6656	   8.1113
1600.0000	 304.0439	   9.8124	  14.2100	   8.1137
1700.0000	 304.4795	   9.3567	  14.7200	   8.1631
1800.0000	 304.8907	   8.9067	  15.2400	   8.2194
1900.0000	 305.2810	   8.4588	  15.7475	   8.2837
2000.0000	 305.6705	   8.0811	  16.2062	   8.3856
2100.0000	 306.0728	   7.6553	  16.5775	   8.4713
2200.0000	 306.4607	   7.2219	  16.9006	   8.5250
2300.0000	 306.8599	   6.8471	  17.1513	   8.4912
2400.0000	 307.3171	   6.4311	  17.3456	   8.4356
2500.0000	 307.8063	   6.0247	  17.5212	   8.3344
2600.0000	 308.3019	   5.6680	  17.6706	   8.1606
2700.0000	 308.8038	   5.3719	  17.7800	   7.9544
2800.0000	 309.2935	   5.0827	  17.9019	   7.7475
2900.0000	 309.7664	   4.8097	  18.0250	   7.5756
3000.0000	 310.2417	   4.5470	  18.1825	   7.3463
3100.0000	 310.7127	   4.3221	  18.3350	   7.1106
3200.0000	 311.1816	   4.1225	  18.4731	   6.9512
3300.0000	 311.6377	   3.9128	  18.6144	   6.8219
3400.0000	 312.0968	   3.7077	  18.7831	   6.7281
3500.0000	 312.5619	   3.4927	  18.9944	   6.6400
3600.0000	 312.9876	   3.2933	  19.2969	   6.5706
3700.0000	 313.3991	   3.1139	  19.6019	   6.4987
3800.0000	 313.8025	   2.9340	  19.9269	   6.4175
3900.0000	 314.1457	   2.7786	  20.2131	   6.3425
4000.0000	 314.4612	   2.6372	  20.4862	   6.3162
4100.0000	 314.7881	   2.4987	  20.7625	   6.2844
4200.0000	 315.0593	   2.4150	  20.9950	   6.2862
4300.0000	 315.2827	   2.3665	  21.1994	   6.3231
4400.0000	 315.5046	   2.3122	  21.4025	   6.3725
4500.0000	 315.7431	   2.2541	  21.6038	   6.4188
4600.0000	 315.9999	   2.1997	  21.7588	   6.4525
4700.0000	 316.2722	   2.1472	  21.9075	   6.4919
4800.0000	 316.5550	   2.0968	  22.0450	   6.5175
4900.0000	 316.8678	   2.0352	  22.1538	   6.5237
5000.0000	 317.2006	   1.9690	  22.2500	   6.5387
5100.0000	 317.5477	   1.9036	  22.3381	   6.5506
5200.0000	 317.9158	   1.8330	  22.4463	   6.5563
5300.0000	 318.3176	   1.7614	  22.5437	   6.5100
5400.0000	 318.7569	   1.6821	  22.6481	   6.4688
5500.0000	 319.2171	   1.6019	  22.6950	   6.3894
5600.0000	 319.6967	   1.5159	  22.7500	   6.2919
5700.0000	 320.2067	   1.4233	  22.8575	   6.1744
5800.0000	 320.7368	   1.3292	  22.9750	   6.0619
5900.0000	 321.2512	   1.2410	  23.0413	   5.9425
6000.0000	 321.7424	   1.1557	  23.0294	   5.8363
6100.0000	 322.2128	   1.0783	  22.9938	   5.7256
6200.0000	 322.6943	   1.0065	  22.9600	   5.5862
6300.0000	 323.1624	   0.9397	  22.9156	   5.4681
6400.0000	 323.6143	   0.8753	  22.8463	   5.4088
6500.0000	 324.0515	   0.8144	  22.7387	   5.3819
6600.0000	 324.4881	   0.7603	  22.6300	   5.3550
6700.0000	 324.9192	   0.7124	  22.5350	   5.3469
6800.0000	 325.3406	   0.6672	  22.4438	   5.3825
6900.0000	 325.7402	   0.6237	  22.3281	   5.4781
7000.0000	 326.1359	   0.5867	  22.2063	   5.5650
7100.0000	 326.5405	   0.5533	  22.0819	   5.6506
7200.0000	 326.9319	   0.5240	  21.9700	   5.7350
7300.0000	 327.2927	   0.4975	  21.9288	   5.8163
7400.0000	 327.6473	   0.4721	  21.9006	   5.9106
7500.0000	 328.0057	   0.4480	  21.8456	   6.0038
7600.0000	 328.3678	   0.4257	  21.7944	   6.0825
7700.0000	 328.7113	   0.4076	  21.7781	   6.1225
7800.0000	 329.0192	   0.3958	  21.8375	   6.0656
7900.0000	 329.3345	   0.3834	  21.8950	   5.9925
8000.0000	 329.6503	   0.3690	  21.9375	   5.8894
8100.0000	 329.9757	   0.3547	  21.9875	   5.7731
8200.0000	 330.2946	   0.3414	  22.0594	   5.6094
8300.0000	 330.5662	   0.3323	  22.1706	   5.3569
8400.0000	 330.8423	   0.3235	  22.2975	   5.0650
8500.0000	 331.1189	   0.3147	  22.4219	   4.7413
8600.0000	 331.4037	   0.3057	  22.5431	   4.4075
8700.0000	 331.6823	   0.2943	  22.6831	   4.0463
8800.0000	 331.9427	   0.2832	  22.7956	   3.6456
8900.0000	 332.2037	   0.2722	  22.9437	   3.2156
9000.0000	 332.4726	   0.2623	  23.1181	   2.7881
9100.0000	 332.7506	   0.2525	  23.2812	   2.3762
9200.0000	 333.0320	   0.2423	  23.4587	   1.9569
9300.0000	 333.3002	   0.2311	  23.6269	   1.5163
9400.0000	 333.5535	   0.2186	  23.7906	   1.0669
9500.0000	 333.8193	   0.2063	  23.9719	   0.6506
9600.0000	 334.1013	   0.1946	  24.1737	   0.2656
9700.0000	 334.4058	   0.1838	  24.3906	  -0.0963
9800.0000	 334.7033	   0.1734	  24.6088	  -0.4569
9900.0000	 334.9944	   0.1636	  24.8062	  -0.8063
10000.0000	 335.2772	   0.1536	  25.0069	  -1.1400
10100.0000	 335.5556	   0.1433	  25.1688	  -1.4100
10200.0000	 335.8423	   0.1331	  25.3319	  -1.6700
10300.0000	 336.1443	   0.1238	  25.4812	  -1.9331
10400.0000	 336.4553	   0.1150	  25.6125	  -2.2037
10500.0000	 336.7521	   0.1067	  25.7631	  -2.4525
10600.0000	 337.0253	   0.0993	  25.9300	  -2.7244
10700.0000	 337.2908	   0.0922	  26.0850	  -2.9894
10800.0000	 337.5331	   0.0855	  26.1875	  -3.2375
10900.0000	 337.7904	   0.0794	  26.2838	  -3.4812
11000.0000	 338.0363	   0.0734	  26.4200	  -3.7250
11100.0000	 338.3513	   0.0681	  26.5612	  -3.9681
11200.0000	 338.6919	   0.0632	  26.7037	  -4.1737
11300.0000	 339.0292	   0.0589	  26.8762	  -4.3262
11400.0000	 339.3805	   0.0551	  27.0519	  -4.4794
11500.0000	 339.7614	   0.0517	  27.2175	  -4.6394
11600.0000	 340.1682	   0.0485	  27.3706	  -4.7994
11700.0000	 340.5954	   0.0455	  27.5444	  -4.9456
11800.0000	 341.0505	   0.0426	  27.7275	  -5.0788
11900.0000	 341.4840	   0.0400	  27.7887	  -5.1000
12000.0000	 342.0149	   0.0377	  27.8719	  -4.8306
12100.0000	 342.6501	   0.0355	  27.9031	  -4.4956
12200.0000	 343.3150	   0.0334	  27.9450	  -4.1794
12300.0000	 344.0234	   0.0315	  28.0013	  -3.8800
12400.0000	 344.7967	   0.0297	  28.0594	  -3.5981
12500.0000	 345.6048	   0.0281	  28.1456	  -3.3125
12600.0000	 346.4613	   0.0267	  28.2650	  -3.0244
12700.0000	 347.4153	   0.0255	  28.3825	  -2.7600
12800.0000	 348.5532	   0.0247	  28.4581	  -2.8519
12900.0000	 349.6505	   0.0239	  28.3525	  -2.8475
13000.0000	 350.7474	   0.0232	  28.1606	  -2.7744
13100.0000	 351.8382	   0.0223	  27.9087	  -2.6731
13200.0000	 352.9441	   0.0215	  27.6525	  -2.5713
13300.0000	 354.0514	   0.0207	  27.3000	  -2.4525
13400.0000	 355.2061	   0.0200	  26.9294	  -2.3631
13500.0000	 356.4573	   0.0194	  26.5206	  -2.3612
13600.0000	 357.7772	   0.0189	  26.0862	  -2.3881
13700.0000	 359.2208	   0.0186	  25.4894	  -2.3925
13800.0000	 360.7117	   0.0183	  24.9125	  -2.4206
13900.0000	 362.2206	   0.0181	  24.4144	  -2.5606
14000.0000	 363.7800	   0.0178	  23.8913	  -2.6387
14100.0000	 365.4037	   0.0176	  23.3344	  -2.6831
14200.0000	 367.0670	   0.0174	  22.7781	  -2.7219
14300.0000	 368.7638	   0.0172	  22.2206	  -2.7650
14400.0000	 370.4663	   0.0169	  21.6969	  -2.7700
14500.0000	 372.1673	   0.0167	  21.1788	  -2.7237
14600.0000	 373.8543	   0.0164	  20.6150	  -2.6075
14700.0000	 375.5494	   0.0160	  20.0269	  -2.4531
14800.0000	 377.0679	   0.0156	  19.6269	  -2.1388
14900.0000	 378.6107	   0.0149	  19.2969	  -1.7369
15000.0000	 380.2476	   0.0143	  18.9875	  -1.3106
15100.0000	 381.2476	   0.0143	  18.9875	  -1.3106
15200.0000	 382.2476	   0.0143	  18.9875	  -1.3106
15300.0000	 383.2476	   0.0143	  18.9875	  -1.3106
15400.0000	 384.2476	   0.0143	  18.9875	  -1.3106
15500.0000	 385.2476	   0.0143	  18.9875	  -1.3106
15600.0000	 386.2476	   0.0143	  18.9875	  -1.3106
15700.0000	 387.2476	   0.0143	  18.9875	  -1.3106
15800.0000	 388.2476	   0.0143	  18.9875	  -1.3106
15900.0000	 389.2476	   0.0143	  18.9875	  -1.3106
16000.0000	 390.2476	   0.0143	  18.9875	  -1.3106
16100.0000	 391.2476	   0.0143	  18.9875	  -1.3106
16200.0000	 392.2476	   0.0143	  18.9875	  -1.3106
16300.0000	 393.2476	   0.0143	  18.9875	  -1.3106
16400.0000	 394.2476	   0.0143	  18.9875	  -1.3106
16500.0000	 395.2476	   0.0143	  18.9875	  -1.3106
16600.0000	 396.2476	   0.0143	  18.9875	  -1.3106
16700.0000	 397.2476	   0.0143	  18.9875	  -1.3106
16800.0000	 398.2476	   0.0143	  18.9875	  -1.3106
16900.0000	 399.2476	   0.0143	  18.9875	  -1.3106
17000.0000	 400.2476	   0.0143	  18.9875	  -1.3106
17100.0000	 401.2476	   0.0143	  18.9875	  -1.3106
17200.0000	 402.2476	   0.0143	  18.9875	  -1.3106
17300.0000	 403.2476	   0.0143	  18.9875	  -1.3106
17400.0000	 404.2476	   0.0143	  18.9875	  -1.3106
17500.0000	 405.2476	   0.0143	  18.9875	  -1.3106
17600.0000	 406.2476	   0.0143	  18.9875	  -1.3106
17700.0000	 407.2476	   0.0143	  18.9875	  -1.3106
17800.0000	 408.2476	   0.0143	  18.9875	  -1.3106
17900.0000	 409.2476	   0.0143	  18.9875	  -1.3106
18000.0000	 410.2476	   0.0143	  18.9875	  -1.3106
18100.0000	 411.2476	   0.0143	  18.9875	  -1.3106
18200.0000	 412.2476	   0.0143	  18.9875	  -1.3106
18300.0000	 413.2476	   0.0143	  18.9875	  -1.3106
18400.0000	 414.2476	   0.0143	  18.9875	  -1.3106
18500.0000	 415.2476	   0.0143	  18.9875	  -1.3106
18600.0000	 416.2476	   0.0143	  18.9875	  -1.3106
18700.0000	 417.2476	   0.0143	  18.9875	  -1.3106
18800.0000	 418.2476	   0.0143	  18.9875	  -1.3106
18900.0000	 419.2476	   0.0143	  18.9875	  -1.3106
19000.0000	 420.2476	   0.0143	  18.9875	  -1.3106
19100.0000	 421.2476	   0.0143	  18.9875	  -1.3106
19200.0000	 422.2476	   0.0143	  18.9875	  -1.3106
19300.0000	 423.2476	   0.0143	  18.9875	  -1.3106
19400.0000	 424.2476	   0.0143	  18.9875	  -1.3106
19500.0000	 425.2476	   0.0143	  18.9875	  -1.3106
19600.0000	 426.2476	   0.0143	  18.9875	  -1.3106
19700.0000	 427.2476	   0.0143	  18.9875	  -1.3106
19800.0000	 428.2476	   0.0143	  18.9875	  -1.3106
19900.0000	 429.2476	   0.0143	  18.9875	  -1.3106
20000.0000	 430.2476	   0.0143	  18.9875	  -1.3106
