 955.2765	 299.2504	  12.8542
 100.0000	 299.3024	  12.4070
 200.0000	 299.4357	  12.1448
 300.0000	 299.6312	  11.9506
 400.0000	 299.8714	  11.7875
 500.0000	 300.1457	  11.6121
 600.0000	 300.4409	  11.4357
 700.0000	 300.7570	  11.2568
 800.0000	 301.0953	  11.0514
 900.0000	 301.4378	  10.8470
1000.0000	 301.7685	  10.6283
1100.0000	 302.1021	  10.3522
1200.0000	 302.4387	  10.0383
1300.0000	 302.8016	   9.6784
1400.0000	 303.1569	   9.3275
1500.0000	 303.5001	   8.9487
1600.0000	 303.8590	   8.5529
1700.0000	 304.2113	   8.1729
1800.0000	 304.5435	   7.7869
1900.0000	 304.8675	   7.4089
2000.0000	 305.2014	   7.0507
2100.0000	 305.5205	   6.7293
2200.0000	 305.8599	   6.4263
2300.0000	 306.2212	   6.1344
2400.0000	 306.5935	   5.8503
2500.0000	 306.9913	   5.5559
2600.0000	 307.4156	   5.2519
2700.0000	 307.8319	   4.9363
2800.0000	 308.2379	   4.6099
2900.0000	 308.6344	   4.2641
3000.0000	 309.0450	   3.9433
3100.0000	 309.4565	   3.6404
3200.0000	 309.8712	   3.3371
3300.0000	 310.2943	   3.0518
3400.0000	 310.7310	   2.7842
3500.0000	 311.1708	   2.5728
3600.0000	 311.6167	   2.3761
3700.0000	 312.0616	   2.1847
3800.0000	 312.4894	   2.0065
3900.0000	 312.9125	   1.8362
4000.0000	 313.3361	   1.6931
4100.0000	 313.7369	   1.5889
4200.0000	 314.1156	   1.5135
4300.0000	 314.4885	   1.4489
4400.0000	 314.8611	   1.3909
4500.0000	 315.2304	   1.3427
4600.0000	 315.5969	   1.3028
4700.0000	 315.9455	   1.2681
4800.0000	 316.2980	   1.2439
4900.0000	 316.6572	   1.2253
5000.0000	 317.0213	   1.2087
5100.0000	 317.3850	   1.1877
5200.0000	 317.7481	   1.1622
5300.0000	 318.1306	   1.1384
5400.0000	 318.5263	   1.1168
5500.0000	 318.9304	   1.0894
5600.0000	 319.3448	   1.0584
5700.0000	 319.7730	   1.0280
5800.0000	 320.2149	   0.9991
5900.0000	 320.6668	   0.9651
6000.0000	 321.1251	   0.9287
6100.0000	 321.5868	   0.8915
6200.0000	 322.0441	   0.8552
6300.0000	 322.4971	   0.8175
6400.0000	 322.9492	   0.7802
6500.0000	 323.4039	   0.7427
6600.0000	 323.8536	   0.7029
6700.0000	 324.2738	   0.6646
6800.0000	 324.6715	   0.6284
6900.0000	 325.0639	   0.5925
7000.0000	 325.4555	   0.5574
7100.0000	 325.8257	   0.5254
7200.0000	 326.1629	   0.4977
7300.0000	 326.4913	   0.4727
7400.0000	 326.8192	   0.4500
7500.0000	 327.1465	   0.4295
7600.0000	 327.4680	   0.4119
7700.0000	 327.7816	   0.3969
7800.0000	 328.0955	   0.3816
7900.0000	 328.4128	   0.3663
8000.0000	 328.7215	   0.3512
8100.0000	 329.0336	   0.3382
8200.0000	 329.3434	   0.3275
8300.0000	 329.6602	   0.3161
8400.0000	 329.9809	   0.3048
8500.0000	 330.3117	   0.2935
8600.0000	 330.6477	   0.2822
8700.0000	 330.9866	   0.2702
8800.0000	 331.3375	   0.2585
8900.0000	 331.6851	   0.2469
9000.0000	 332.0385	   0.2356
9100.0000	 332.3986	   0.2241
9200.0000	 332.7615	   0.2127
9300.0000	 333.1122	   0.2011
9400.0000	 333.4674	   0.1898
9500.0000	 333.8287	   0.1791
9600.0000	 334.1963	   0.1689
9700.0000	 334.5470	   0.1590
9800.0000	 334.8841	   0.1489
9900.0000	 335.2139	   0.1392
10000.0000	 335.5380	   0.1299
10100.0000	 335.8764	   0.1212
10200.0000	 336.2191	   0.1132
10300.0000	 336.5723	   0.1057
10400.0000	 336.9092	   0.0985
10500.0000	 337.2469	   0.0915
10600.0000	 337.5929	   0.0851
10700.0000	 337.9464	   0.0790
10800.0000	 338.3267	   0.0735
10900.0000	 338.7244	   0.0684
11000.0000	 339.1577	   0.0637
11100.0000	 339.6072	   0.0592
11200.0000	 340.0700	   0.0550
11300.0000	 340.5650	   0.0512
11400.0000	 341.0846	   0.0477
11500.0000	 341.6271	   0.0445
11600.0000	 342.2028	   0.0415
11700.0000	 342.8158	   0.0387
11800.0000	 343.5059	   0.0364
11900.0000	 344.2499	   0.0344
12000.0000	 345.0206	   0.0325
12100.0000	 345.8320	   0.0307
12200.0000	 346.6948	   0.0290
12300.0000	 347.5980	   0.0274
12400.0000	 348.5543	   0.0258
12500.0000	 349.5984	   0.0244
12600.0000	 350.7724	   0.0232
12700.0000	 352.1182	   0.0222
12800.0000	 353.5020	   0.0213
12900.0000	 354.9246	   0.0204
13000.0000	 356.4194	   0.0195
13100.0000	 357.9274	   0.0188
13200.0000	 359.4620	   0.0180
13300.0000	 361.0297	   0.0172
13400.0000	 362.5972	   0.0166
13500.0000	 364.1622	   0.0160
13600.0000	 365.6828	   0.0156
13700.0000	 367.2159	   0.0151
13800.0000	 368.7912	   0.0146
13900.0000	 370.4160	   0.0141
14000.0000	 372.1002	   0.0136
14100.0000	 373.8065	   0.0131
14200.0000	 375.5115	   0.0125
14300.0000	 377.2022	   0.0119
14400.0000	 378.9117	   0.0114
14500.0000	 380.6385	   0.0108
14600.0000	 382.3353	   0.0102
14700.0000	 383.9093	   0.0096
14800.0000	 385.4383	   0.0090
14900.0000	 387.0121	   0.0085
15000.0000	 388.6304	   0.0080
15100.0000	 389.6304	   0.0080
15200.0000	 390.6304	   0.0080
15300.0000	 391.6304	   0.0080
15400.0000	 392.6304	   0.0080
15500.0000	 393.6304	   0.0080
15600.0000	 394.6304	   0.0080
15700.0000	 395.6304	   0.0080
15800.0000	 396.6304	   0.0080
15900.0000	 397.6304	   0.0080
16000.0000	 398.6304	   0.0080
16100.0000	 399.6304	   0.0080
16200.0000	 400.6304	   0.0080
16300.0000	 401.6304	   0.0080
16400.0000	 402.6304	   0.0080
16500.0000	 403.6304	   0.0080
16600.0000	 404.6304	   0.0080
16700.0000	 405.6304	   0.0080
16800.0000	 406.6304	   0.0080
16900.0000	 407.6304	   0.0080
17000.0000	 408.6304	   0.0080
17100.0000	 409.6304	   0.0080
17200.0000	 410.6304	   0.0080
17300.0000	 411.6304	   0.0080
17400.0000	 412.6304	   0.0080
17500.0000	 413.6304	   0.0080
17600.0000	 414.6304	   0.0080
17700.0000	 415.6304	   0.0080
17800.0000	 416.6304	   0.0080
17900.0000	 417.6304	   0.0080
18000.0000	 418.6304	   0.0080
18100.0000	 419.6304	   0.0080
18200.0000	 420.6304	   0.0080
18300.0000	 421.6304	   0.0080
18400.0000	 422.6304	   0.0080
18500.0000	 423.6304	   0.0080
18600.0000	 424.6304	   0.0080
18700.0000	 425.6304	   0.0080
18800.0000	 426.6304	   0.0080
18900.0000	 427.6304	   0.0080
19000.0000	 428.6304	   0.0080
19100.0000	 429.6304	   0.0080
19200.0000	 430.6304	   0.0080
19300.0000	 431.6304	   0.0080
19400.0000	 432.6304	   0.0080
19500.0000	 433.6304	   0.0080
19600.0000	 434.6304	   0.0080
19700.0000	 435.6304	   0.0080
19800.0000	 436.6304	   0.0080
19900.0000	 437.6304	   0.0080
20000.0000	 438.6304	   0.0080