   0.0000	   0.0000	   0.0000
 100.0000	   0.7814	   3.2535
 200.0000	   1.3627	   4.2408
 300.0000	   1.9478	   5.0219
 400.0000	   2.5935	   5.6603
 500.0000	   3.3108	   6.2541
 600.0000	   4.0792	   6.7970
 700.0000	   4.8789	   7.2846
 800.0000	   5.6803	   7.7330
 900.0000	   6.4570	   8.0827
1000.0000	   7.2132	   8.3603
1100.0000	   7.9151	   8.5584
1200.0000	   8.5581	   8.6924
1300.0000	   9.1930	   8.7541
1400.0000	   9.7981	   8.7827
1500.0000	  10.3695	   8.7684
1600.0000	  10.9214	   8.7451
1700.0000	  11.4795	   8.6965
1800.0000	  12.0186	   8.6076
1900.0000	  12.5351	   8.5038
2000.0000	  13.0384	   8.4008
2100.0000	  13.5038	   8.2908
2200.0000	  13.9346	   8.1689
2300.0000	  14.3332	   8.0459
2400.0000	  14.7157	   7.9214
2500.0000	  15.0727	   7.7792
2600.0000	  15.3916	   7.6554
2700.0000	  15.7086	   7.5584
2800.0000	  15.9976	   7.4773
2900.0000	  16.2643	   7.4005
3000.0000	  16.5124	   7.3403
3100.0000	  16.7459	   7.3049
3200.0000	  16.9508	   7.2870
3300.0000	  17.1554	   7.2695
3400.0000	  17.3759	   7.2649
3500.0000	  17.6076	   7.2824
3600.0000	  17.8495	   7.2989
3700.0000	  18.0949	   7.3122
3800.0000	  18.3511	   7.3246
3900.0000	  18.6108	   7.3457
4000.0000	  18.8624	   7.3586
4100.0000	  19.1041	   7.3592
4200.0000	  19.3322	   7.3686
4300.0000	  19.5608	   7.3759
4400.0000	  19.7868	   7.3692
4500.0000	  20.0081	   7.3527
4600.0000	  20.2165	   7.3341
4700.0000	  20.4357	   7.3054
4800.0000	  20.6284	   7.2646
4900.0000	  20.8027	   7.2292
5000.0000	  20.9759	   7.1962
5100.0000	  21.1535	   7.1592
5200.0000	  21.3395	   7.1059
5300.0000	  21.5292	   7.0559
5400.0000	  21.7197	   7.0232
5500.0000	  21.9062	   6.9849
5600.0000	  22.1105	   6.9432
5700.0000	  22.3273	   6.8927
5800.0000	  22.5308	   6.8573
5900.0000	  22.7638	   6.8573
6000.0000	  23.0070	   6.8627
6100.0000	  23.2503	   6.8724
6200.0000	  23.5016	   6.8932
6300.0000	  23.7611	   6.9368
6400.0000	  24.0049	   6.9800
6500.0000	  24.2511	   7.0205
6600.0000	  24.5022	   7.0659
6700.0000	  24.7716	   7.1270
6800.0000	  25.0449	   7.2049
6900.0000	  25.3032	   7.2884
7000.0000	  25.5638	   7.3784
7100.0000	  25.8324	   7.4489
7200.0000	  26.1019	   7.5041
7300.0000	  26.3700	   7.5635
7400.0000	  26.6311	   7.6216
7500.0000	  26.9324	   7.6595
7600.0000	  27.2251	   7.6673
7700.0000	  27.5195	   7.6511
7800.0000	  27.8159	   7.6424
7900.0000	  28.1159	   7.6454
8000.0000	  28.4597	   7.6459
8100.0000	  28.8038	   7.6311
8200.0000	  29.1632	   7.6019
8300.0000	  29.5241	   7.5765
8400.0000	  29.8700	   7.5778
8500.0000	  30.2062	   7.6097
8600.0000	  30.5503	   7.6514
8700.0000	  30.9178	   7.6849
8800.0000	  31.3000	   7.7192
8900.0000	  31.6727	   7.7532
9000.0000	  32.0297	   7.8043
9100.0000	  32.3632	   7.8786
9200.0000	  32.7030	   7.9797
9300.0000	  33.0441	   8.0957
9400.0000	  33.3824	   8.2241
9500.0000	  33.7200	   8.3349
9600.0000	  34.0435	   8.4408
9700.0000	  34.3435	   8.5478
9800.0000	  34.6132	   8.6478
9900.0000	  34.8803	   8.7676
10000.0000	  35.1270	   8.8986
10100.0000	  35.3670	   9.0314
10200.0000	  35.5789	   9.1516
10300.0000	  35.7519	   9.2630
10400.0000	  35.9103	   9.3368
10500.0000	  36.0486	   9.4197
10600.0000	  36.1595	   9.5022
10700.0000	  36.2608	   9.5881
10800.0000	  36.3597	   9.6549
10900.0000	  36.4681	   9.6684
11000.0000	  36.5043	   9.6338
11100.0000	  36.5019	   9.6600
11200.0000	  36.4832	   9.6892
11300.0000	  36.4597	   9.6895
11400.0000	  36.4508	   9.6695
11500.0000	  36.4454	   9.6451
11600.0000	  36.4605	   9.5949
11700.0000	  36.5089	   9.5397
11800.0000	  36.6562	   9.4949
11900.0000	  36.8708	   9.4795
12000.0000	  37.0876	   9.4389
12100.0000	  37.2830	   9.3700
12200.0000	  37.4181	   9.2759
12300.0000	  37.5311	   9.1689
12400.0000	  37.6211	   9.0322
12500.0000	  37.6451	   8.8486
12600.0000	  37.5392	   8.5438
12700.0000	  37.3281	   8.0978
12800.0000	  37.0435	   7.6741
12900.0000	  36.7381	   7.2592
13000.0000	  36.3903	   6.8414
13100.0000	  35.9922	   6.4619
13200.0000	  35.5543	   6.1281
13300.0000	  35.1114	   5.7962
13400.0000	  34.5978	   5.4905
13500.0000	  33.9954	   5.2573
13600.0000	  33.3024	   5.1086
13700.0000	  32.5873	   5.0027
13800.0000	  31.8492	   4.9349
13900.0000	  31.0881	   4.8746
14000.0000	  30.3046	   4.8130
14100.0000	  29.5249	   4.7527
14200.0000	  28.7770	   4.7038
14300.0000	  28.0703	   4.6530
14400.0000	  27.3649	   4.6024
14500.0000	  26.6543	   4.5603
14600.0000	  25.9962	   4.5054
14700.0000	  25.4324	   4.4751
14800.0000	  24.8616	   4.4168
14900.0000	  24.2968	   4.3546
15000.0000	  23.7270	   4.2822
15100.0000	  23.7270	   4.2822
15200.0000	  23.7270	   4.2822
15300.0000	  23.7270	   4.2822
15400.0000	  23.7270	   4.2822
15500.0000	  23.7270	   4.2822
15600.0000	  23.7270	   4.2822
15700.0000	  23.7270	   4.2822
15800.0000	  23.7270	   4.2822
15900.0000	  23.7270	   4.2822
16000.0000	  23.7270	   4.2822
16100.0000	  23.7270	   4.2822
16200.0000	  23.7270	   4.2822
16300.0000	  23.7270	   4.2822
16400.0000	  23.7270	   4.2822
16500.0000	  23.7270	   4.2822
16600.0000	  23.7270	   4.2822
16700.0000	  23.7270	   4.2822
16800.0000	  23.7270	   4.2822
16900.0000	  23.7270	   4.2822
17000.0000	  23.7270	   4.2822
17100.0000	  23.7270	   4.2822
17200.0000	  23.7270	   4.2822
17300.0000	  23.7270	   4.2822
17400.0000	  23.7270	   4.2822
17500.0000	  23.7270	   4.2822
17600.0000	  23.7270	   4.2822
17700.0000	  23.7270	   4.2822
17800.0000	  23.7270	   4.2822
17900.0000	  23.7270	   4.2822
18000.0000	  23.7270	   4.2822
18100.0000	  23.7270	   4.2822
18200.0000	  23.7270	   4.2822
18300.0000	  23.7270	   4.2822
18400.0000	  23.7270	   4.2822
18500.0000	  23.7270	   4.2822
18600.0000	  23.7270	   4.2822
18700.0000	  23.7270	   4.2822
18800.0000	  23.7270	   4.2822
18900.0000	  23.7270	   4.2822
19000.0000	  23.7270	   4.2822
19100.0000	  23.7270	   4.2822
19200.0000	  23.7270	   4.2822
19300.0000	  23.7270	   4.2822
19400.0000	  23.7270	   4.2822
19500.0000	  23.7270	   4.2822
19600.0000	  23.7270	   4.2822
19700.0000	  23.7270	   4.2822
19800.0000	  23.7270	   4.2822
19900.0000	  23.7270	   4.2822
20000.0000	  23.7270	   4.2822