 975.3392	 298.8151	  13.9573
 100.0000	 298.9007	  13.4114	   2.8567	   2.7674
 200.0000	 298.9457	  13.2600	   3.7690	   3.6788
 300.0000	 298.9779	  13.1380	   4.5935	   4.3912
 400.0000	 298.9945	  12.9971	   5.3764	   4.8787
 500.0000	 299.1355	  12.8341	   6.1251	   5.2572
 600.0000	 299.3467	  12.6323	   6.8591	   5.4422
 700.0000	 299.5732	  12.4071	   7.5785	   5.5754
 800.0000	 299.8325	  12.1643	   8.2808	   5.5895
 900.0000	 300.1030	  11.8708	   8.9985	   5.5613
1000.0000	 300.3707	  11.5274	   9.7076	   5.4806
1100.0000	 300.6796	  11.1720	  10.3736	   5.3433
1200.0000	 301.0182	  10.8335	  11.0255	   5.1669
1300.0000	 301.4117	  10.4955	  11.5857	   4.8915
1400.0000	 301.8377	  10.1440	  12.1179	   4.5594
1500.0000	 302.2846	   9.8241	  12.6412	   4.1961
1600.0000	 302.7197	   9.4788	  13.1218	   3.7908
1700.0000	 303.1476	   9.1166	  13.5818	   3.3731
1800.0000	 303.5158	   8.6624	  13.9982	   2.9810
1900.0000	 303.8741	   8.2181	  14.3993	   2.5852
2000.0000	 304.2335	   7.7862	  14.7904	   2.1890
2100.0000	 304.5804	   7.3869	  15.1712	   1.8349
2200.0000	 304.9274	   6.9987	  15.5383	   1.5127
2300.0000	 305.2967	   6.6110	  15.9010	   1.1877
2400.0000	 305.6949	   6.1946	  16.2296	   0.8886
2500.0000	 306.1178	   5.7711	  16.5356	   0.6130
2600.0000	 306.5811	   5.3276	  16.8205	   0.3793
2700.0000	 307.0650	   4.8817	  17.0949	   0.1816
2800.0000	 307.5542	   4.4511	  17.3450	  -0.0060
2900.0000	 308.0398	   4.0879	  17.5752	  -0.1921
3000.0000	 308.5050	   3.7736	  17.7913	  -0.3790
3100.0000	 308.9691	   3.4898	  17.9919	  -0.5513
3200.0000	 309.4020	   3.2490	  18.2138	  -0.7174
3300.0000	 309.8211	   3.0271	  18.4636	  -0.8756
3400.0000	 310.2364	   2.8243	  18.7179	  -1.0237
3500.0000	 310.6315	   2.6711	  18.9947	  -1.1502
3600.0000	 311.0243	   2.5334	  19.2722	  -1.2738
3700.0000	 311.4269	   2.3956	  19.5417	  -1.3953
3800.0000	 311.8170	   2.2637	  19.8012	  -1.5122
3900.0000	 312.1997	   2.1403	  20.0389	  -1.6231
4000.0000	 312.5840	   2.0292	  20.2719	  -1.7487
4100.0000	 312.9487	   1.9378	  20.4949	  -1.8545
4200.0000	 313.2807	   1.8626	  20.6794	  -1.9184
4300.0000	 313.6190	   1.7934	  20.8527	  -1.9810
4400.0000	 313.9573	   1.7268	  21.0179	  -2.0546
4500.0000	 314.2953	   1.6607	  21.1780	  -2.1515
4600.0000	 314.6346	   1.5996	  21.3265	  -2.2473
4700.0000	 314.9771	   1.5406	  21.4808	  -2.3404
4800.0000	 315.3127	   1.4816	  21.6365	  -2.4733
4900.0000	 315.6536	   1.4259	  21.7932	  -2.6177
5000.0000	 315.9963	   1.3742	  21.9453	  -2.7520
5100.0000	 316.3478	   1.3241	  22.1005	  -2.8859
5200.0000	 316.7131	   1.2686	  22.2753	  -3.0303
5300.0000	 317.0873	   1.2151	  22.4572	  -3.1652
5400.0000	 317.4793	   1.1634	  22.6584	  -3.2877
5500.0000	 317.8915	   1.1103	  22.8875	  -3.4127
5600.0000	 318.3175	   1.0474	  23.1395	  -3.5465
5700.0000	 318.7524	   0.9875	  23.3995	  -3.6737
5800.0000	 319.1933	   0.9325	  23.6744	  -3.8011
5900.0000	 319.6517	   0.8755	  24.0270	  -3.9005
6000.0000	 320.1154	   0.8212	  24.3943	  -3.9692
6100.0000	 320.5939	   0.7701	  24.7822	  -4.0225
6200.0000	 321.0795	   0.7221	  25.1781	  -4.0630
6300.0000	 321.5558	   0.6761	  25.5777	  -4.0898
6400.0000	 322.0206	   0.6330	  25.9672	  -4.0880
6500.0000	 322.4895	   0.5919	  26.3644	  -4.0911
6600.0000	 322.9564	   0.5579	  26.7728	  -4.0889
6700.0000	 323.4090	   0.5273	  27.1765	  -4.0808
6800.0000	 323.8313	   0.4998	  27.5519	  -4.0269
6900.0000	 324.2500	   0.4741	  27.9121	  -3.9644
7000.0000	 324.6684	   0.4491	  28.2817	  -3.9208
7100.0000	 325.0916	   0.4268	  28.6512	  -3.8856
7200.0000	 325.4671	   0.4113	  28.9611	  -3.8549
7300.0000	 325.8274	   0.3966	  29.2621	  -3.8438
7400.0000	 326.1841	   0.3830	  29.5485	  -3.8504
7500.0000	 326.5283	   0.3673	  29.8300	  -3.8695
7600.0000	 326.8696	   0.3513	  30.0896	  -3.8892
7700.0000	 327.1831	   0.3349	  30.3265	  -3.9305
7800.0000	 327.4992	   0.3200	  30.5633	  -3.9828
7900.0000	 327.8143	   0.3052	  30.7901	  -4.0584
8000.0000	 328.1189	   0.2897	  31.0247	  -4.1278
8100.0000	 328.4217	   0.2745	  31.2727	  -4.1978
8200.0000	 328.7015	   0.2614	  31.5153	  -4.2948
8300.0000	 328.9772	   0.2495	  31.7598	  -4.3969
8400.0000	 329.2610	   0.2383	  32.0136	  -4.5147
8500.0000	 329.5498	   0.2266	  32.2577	  -4.6097
8600.0000	 329.8517	   0.2157	  32.5307	  -4.6949
8700.0000	 330.1618	   0.2072	  32.8212	  -4.7980
8800.0000	 330.4662	   0.1992	  33.1152	  -4.9220
8900.0000	 330.7763	   0.1914	  33.4190	  -5.0450
9000.0000	 331.1010	   0.1842	  33.7301	  -5.1586
9100.0000	 331.4408	   0.1769	  34.0114	  -5.2537
9200.0000	 331.7906	   0.1703	  34.2982	  -5.3755
9300.0000	 332.1418	   0.1640	  34.6064	  -5.5100
9400.0000	 332.4916	   0.1576	  34.9267	  -5.6488
9500.0000	 332.8469	   0.1512	  35.2517	  -5.7706
9600.0000	 333.2017	   0.1453	  35.5637	  -5.8740
9700.0000	 333.5501	   0.1395	  35.8518	  -5.9863
9800.0000	 333.8600	   0.1330	  36.0784	  -6.1603
9900.0000	 334.1648	   0.1265	  36.2964	  -6.3344
10000.0000	 334.4730	   0.1200	  36.5157	  -6.4998
10100.0000	 334.7876	   0.1136	  36.7286	  -6.6430
10200.0000	 335.1099	   0.1074	  36.9325	  -6.7794
10300.0000	 335.4357	   0.1015	  37.1307	  -6.9298
10400.0000	 335.7567	   0.0955	  37.3072	  -7.0503
10500.0000	 336.0760	   0.0892	  37.4899	  -7.1766
10600.0000	 336.3950	   0.0831	  37.6712	  -7.3067
10700.0000	 336.7180	   0.0773	  37.8473	  -7.4279
10800.0000	 337.0504	   0.0719	  38.0232	  -7.5388
10900.0000	 337.4072	   0.0669	  38.1821	  -7.6565
11000.0000	 337.7916	   0.0620	  38.2758	  -7.8111
11100.0000	 338.2753	   0.0576	  38.2311	  -7.8431
11200.0000	 338.7807	   0.0537	  38.1872	  -7.8337
11300.0000	 339.2987	   0.0502	  38.1528	  -7.8402
11400.0000	 339.8318	   0.0469	  38.1185	  -7.8639
11500.0000	 340.3816	   0.0438	  38.1203	  -7.8895
11600.0000	 340.9601	   0.0409	  38.1287	  -7.9215
11700.0000	 341.5904	   0.0382	  38.1118	  -7.9619
11800.0000	 342.3307	   0.0360	  38.0685	  -8.1036
11900.0000	 343.1786	   0.0342	  38.0342	  -8.3056
12000.0000	 344.1067	   0.0326	  38.0287	  -8.4632
12100.0000	 345.0814	   0.0311	  37.9891	  -8.6159
12200.0000	 346.0898	   0.0296	  37.9527	  -8.7708
12300.0000	 347.1270	   0.0282	  37.9204	  -8.9334
12400.0000	 348.1955	   0.0269	  37.8804	  -9.1023
12500.0000	 349.2914	   0.0256	  37.8211	  -9.2888
12600.0000	 350.4359	   0.0245	  37.7077	  -9.4399
12700.0000	 351.6192	   0.0236	  37.3913	  -9.5795
12800.0000	 352.8615	   0.0227	  36.9314	  -9.6948
12900.0000	 354.1290	   0.0218	  36.3510	  -9.7448
13000.0000	 355.4255	   0.0209	  35.7318	  -9.7686
13100.0000	 356.7573	   0.0200	  35.0499	  -9.7837
13200.0000	 358.1182	   0.0190	  34.3682	  -9.8004
13300.0000	 359.5130	   0.0181	  33.6870	  -9.8186
13400.0000	 360.9289	   0.0172	  33.0135	  -9.8087
13500.0000	 362.3649	   0.0163	  32.3296	  -9.7564
13600.0000	 363.7895	   0.0156	  31.7259	  -9.5616
13700.0000	 365.2411	   0.0149	  31.2119	  -9.2960
13800.0000	 366.6787	   0.0144	  30.7015	  -9.0834
13900.0000	 368.1733	   0.0138	  30.2016	  -8.8559
14000.0000	 369.6859	   0.0133	  29.7270	  -8.5895
14100.0000	 371.2417	   0.0129	  29.2398	  -8.2881
14200.0000	 372.8266	   0.0124	  28.7532	  -7.9831
14300.0000	 374.4482	   0.0119	  28.2641	  -7.6799
14400.0000	 376.1031	   0.0114	  27.7773	  -7.3765
14500.0000	 377.7978	   0.0109	  27.2911	  -7.0768
14600.0000	 379.5256	   0.0104	  26.8196	  -6.7839
14700.0000	 381.1898	   0.0098	  26.3554	  -6.5298
14800.0000	 382.7216	   0.0094	  25.8086	  -6.3830
14900.0000	 384.2252	   0.0089	  25.2272	  -6.2094
15000.0000	 385.7553	   0.0084	  24.6585	  -6.0156
15100.0000	 386.7553	   0.0084	  24.6585	  -6.0156
15200.0000	 387.7553	   0.0084	  24.6585	  -6.0156
15300.0000	 388.7553	   0.0084	  24.6585	  -6.0156
15400.0000	 389.7553	   0.0084	  24.6585	  -6.0156
15500.0000	 390.7553	   0.0084	  24.6585	  -6.0156
15600.0000	 391.7553	   0.0084	  24.6585	  -6.0156
15700.0000	 392.7553	   0.0084	  24.6585	  -6.0156
15800.0000	 393.7553	   0.0084	  24.6585	  -6.0156
15900.0000	 394.7553	   0.0084	  24.6585	  -6.0156
16000.0000	 395.7553	   0.0084	  24.6585	  -6.0156
16100.0000	 396.7553	   0.0084	  24.6585	  -6.0156
16200.0000	 397.7553	   0.0084	  24.6585	  -6.0156
16300.0000	 398.7553	   0.0084	  24.6585	  -6.0156
16400.0000	 399.7553	   0.0084	  24.6585	  -6.0156
16500.0000	 400.7553	   0.0084	  24.6585	  -6.0156
16600.0000	 401.7553	   0.0084	  24.6585	  -6.0156
16700.0000	 402.7553	   0.0084	  24.6585	  -6.0156
16800.0000	 403.7553	   0.0084	  24.6585	  -6.0156
16900.0000	 404.7553	   0.0084	  24.6585	  -6.0156
17000.0000	 405.7553	   0.0084	  24.6585	  -6.0156
17100.0000	 406.7553	   0.0084	  24.6585	  -6.0156
17200.0000	 407.7553	   0.0084	  24.6585	  -6.0156
17300.0000	 408.7553	   0.0084	  24.6585	  -6.0156
17400.0000	 409.7553	   0.0084	  24.6585	  -6.0156
17500.0000	 410.7553	   0.0084	  24.6585	  -6.0156
17600.0000	 411.7553	   0.0084	  24.6585	  -6.0156
17700.0000	 412.7553	   0.0084	  24.6585	  -6.0156
17800.0000	 413.7553	   0.0084	  24.6585	  -6.0156
17900.0000	 414.7553	   0.0084	  24.6585	  -6.0156
18000.0000	 415.7553	   0.0084	  24.6585	  -6.0156
18100.0000	 416.7553	   0.0084	  24.6585	  -6.0156
18200.0000	 417.7553	   0.0084	  24.6585	  -6.0156
18300.0000	 418.7553	   0.0084	  24.6585	  -6.0156
18400.0000	 419.7553	   0.0084	  24.6585	  -6.0156
18500.0000	 420.7553	   0.0084	  24.6585	  -6.0156
18600.0000	 421.7553	   0.0084	  24.6585	  -6.0156
18700.0000	 422.7553	   0.0084	  24.6585	  -6.0156
18800.0000	 423.7553	   0.0084	  24.6585	  -6.0156
18900.0000	 424.7553	   0.0084	  24.6585	  -6.0156
19000.0000	 425.7553	   0.0084	  24.6585	  -6.0156
19100.0000	 426.7553	   0.0084	  24.6585	  -6.0156
19200.0000	 427.7553	   0.0084	  24.6585	  -6.0156
19300.0000	 428.7553	   0.0084	  24.6585	  -6.0156
19400.0000	 429.7553	   0.0084	  24.6585	  -6.0156
19500.0000	 430.7553	   0.0084	  24.6585	  -6.0156
19600.0000	 431.7553	   0.0084	  24.6585	  -6.0156
19700.0000	 432.7553	   0.0084	  24.6585	  -6.0156
19800.0000	 433.7553	   0.0084	  24.6585	  -6.0156
19900.0000	 434.7553	   0.0084	  24.6585	  -6.0156
20000.0000	 435.7553	   0.0084	  24.6585	  -6.0156
