   0.0000	   0.0000	   0.0000
 100.0000	   0.0912	   7.0236
 200.0000	   0.4572	   9.6136
 300.0000	   1.1304	  11.4336
 400.0000	   2.0856	  12.8088
 500.0000	   3.2576	  13.8332
 600.0000	   4.4728	  14.6304
 700.0000	   5.7168	  15.2088
 800.0000	   6.8328	  15.5648
 900.0000	   7.7780	  15.7416
1000.0000	   8.6552	  15.8112
1100.0000	   9.4728	  15.8000
1200.0000	  10.2228	  15.7296
1300.0000	  10.9876	  15.6064
1400.0000	  11.7456	  15.4116
1500.0000	  12.4412	  15.1288
1600.0000	  13.1324	  14.7944
1700.0000	  13.8080	  14.4432
1800.0000	  14.4600	  14.1080
1900.0000	  15.1176	  13.7652
2000.0000	  15.7652	  13.4748
2100.0000	  16.4000	  13.2332
2200.0000	  16.9948	  13.0072
2300.0000	  17.5168	  12.8440
2400.0000	  18.0084	  12.7120
2500.0000	  18.4552	  12.6136
2600.0000	  18.8540	  12.5484
2700.0000	  19.1832	  12.4848
2800.0000	  19.4688	  12.4224
2900.0000	  19.7204	  12.3860
3000.0000	  19.9208	  12.4028
3100.0000	  20.0892	  12.4288
3200.0000	  20.2712	  12.4720
3300.0000	  20.4604	  12.5340
3400.0000	  20.6424	  12.6152
3500.0000	  20.8024	  12.6868
3600.0000	  20.9460	  12.7508
3700.0000	  21.1176	  12.8208
3800.0000	  21.3112	  12.8696
3900.0000	  21.4972	  12.9048
4000.0000	  21.6608	  12.9336
4100.0000	  21.8208	  12.9476
4200.0000	  21.9892	  12.9552
4300.0000	  22.1536	  12.9620
4400.0000	  22.2836	  12.9568
4500.0000	  22.4148	  12.9388
4600.0000	  22.5348	  12.9088
4700.0000	  22.6448	  12.8664
4800.0000	  22.7364	  12.8116
4900.0000	  22.8244	  12.7532
5000.0000	  22.8964	  12.6820
5100.0000	  22.9492	  12.6080
5200.0000	  22.9960	  12.5280
5300.0000	  23.0408	  12.4460
5400.0000	  23.0740	  12.3644
5500.0000	  23.0968	  12.2956
5600.0000	  23.1228	  12.2320
5700.0000	  23.1600	  12.1752
5800.0000	  23.2008	  12.1276
5900.0000	  23.2400	  12.0808
6000.0000	  23.2896	  12.0400
6100.0000	  23.3224	  11.9976
6200.0000	  23.3728	  11.9652
6300.0000	  23.4168	  11.9392
6400.0000	  23.4468	  11.9068
6500.0000	  23.4780	  11.8716
6600.0000	  23.5172	  11.8372
6700.0000	  23.5696	  11.7796
6800.0000	  23.6108	  11.7156
6900.0000	  23.6508	  11.6312
7000.0000	  23.6804	  11.5424
7100.0000	  23.7088	  11.4344
7200.0000	  23.7292	  11.3060
7300.0000	  23.7204	  11.1792
7400.0000	  23.6924	  11.0304
7500.0000	  23.6516	  10.8688
7600.0000	  23.6000	  10.6872
7700.0000	  23.5292	  10.5016
7800.0000	  23.4400	  10.3388
7900.0000	  23.3268	  10.1744
8000.0000	  23.2072	  10.0004
8100.0000	  23.0856	   9.8260
8200.0000	  22.9716	   9.6516
8300.0000	  22.8712	   9.4912
8400.0000	  22.7804	   9.3360
8500.0000	  22.6988	   9.1828
8600.0000	  22.6324	   9.0252
8700.0000	  22.5612	   8.8716
8800.0000	  22.5300	   8.7344
8900.0000	  22.5548	   8.5808
9000.0000	  22.5944	   8.4392
9100.0000	  22.6532	   8.3096
9200.0000	  22.7144	   8.1752
9300.0000	  22.7880	   8.0440
9400.0000	  22.8464	   7.9056
9500.0000	  22.8984	   7.7632
9600.0000	  22.9680	   7.6388
9700.0000	  23.0388	   7.5380
9800.0000	  23.1156	   7.4384
9900.0000	  23.1964	   7.3240
10000.0000	  23.2840	   7.1936
10100.0000	  23.3776	   7.0552
10200.0000	  23.4732	   6.9164
10300.0000	  23.5612	   6.8040
10400.0000	  23.6452	   6.7020
10500.0000	  23.7224	   6.6096
10600.0000	  23.8036	   6.5260
10700.0000	  23.9176	   6.4364
10800.0000	  24.0508	   6.3400
10900.0000	  24.1832	   6.2460
11000.0000	  24.3040	   6.1480
11100.0000	  24.4392	   6.0812
11200.0000	  24.6084	   6.0136
11300.0000	  24.8232	   5.9704
11400.0000	  25.0596	   5.9652
11500.0000	  25.3448	   5.9916
11600.0000	  25.6176	   6.0312
11700.0000	  25.9088	   6.0704
11800.0000	  26.1936	   6.0912
11900.0000	  26.4580	   6.0940
12000.0000	  26.7040	   6.1012
12100.0000	  26.9056	   6.1000
12200.0000	  27.0696	   6.0820
12300.0000	  27.1544	   6.0644
12400.0000	  27.1344	   6.0644
12500.0000	  27.1216	   6.0656
12600.0000	  27.1128	   6.0528
12700.0000	  27.0904	   6.0588
12800.0000	  27.0012	   6.0660
12900.0000	  26.8768	   6.1068
13000.0000	  26.6708	   6.1680
13100.0000	  26.4136	   6.2624
13200.0000	  26.0544	   6.3240
13300.0000	  25.5948	   6.3604
13400.0000	  25.0608	   6.3640
13500.0000	  24.4576	   6.3456
13600.0000	  23.8344	   6.3464
13700.0000	  23.2160	   6.3280
13800.0000	  22.5932	   6.3188
13900.0000	  21.9516	   6.3032
14000.0000	  21.3180	   6.2968
14100.0000	  20.7228	   6.2592
14200.0000	  20.1592	   6.2160
14300.0000	  19.7096	   6.1572
14400.0000	  19.3976	   6.0556
14500.0000	  19.1452	   5.9080
14600.0000	  18.8748	   5.7244
14700.0000	  18.6260	   5.5432
14800.0000	  18.3796	   5.3564
14900.0000	  18.1412	   5.1216
15000.0000	  17.9156	   4.8388
15100.0000	  17.9156	   4.8388
15200.0000	  17.9156	   4.8388
15300.0000	  17.9156	   4.8388
15400.0000	  17.9156	   4.8388
15500.0000	  17.9156	   4.8388
15600.0000	  17.9156	   4.8388
15700.0000	  17.9156	   4.8388
15800.0000	  17.9156	   4.8388
15900.0000	  17.9156	   4.8388
16000.0000	  17.9156	   4.8388
16100.0000	  17.9156	   4.8388
16200.0000	  17.9156	   4.8388
16300.0000	  17.9156	   4.8388
16400.0000	  17.9156	   4.8388
16500.0000	  17.9156	   4.8388
16600.0000	  17.9156	   4.8388
16700.0000	  17.9156	   4.8388
16800.0000	  17.9156	   4.8388
16900.0000	  17.9156	   4.8388
17000.0000	  17.9156	   4.8388
17100.0000	  17.9156	   4.8388
17200.0000	  17.9156	   4.8388
17300.0000	  17.9156	   4.8388
17400.0000	  17.9156	   4.8388
17500.0000	  17.9156	   4.8388
17600.0000	  17.9156	   4.8388
17700.0000	  17.9156	   4.8388
17800.0000	  17.9156	   4.8388
17900.0000	  17.9156	   4.8388
18000.0000	  17.9156	   4.8388
18100.0000	  17.9156	   4.8388
18200.0000	  17.9156	   4.8388
18300.0000	  17.9156	   4.8388
18400.0000	  17.9156	   4.8388
18500.0000	  17.9156	   4.8388
18600.0000	  17.9156	   4.8388
18700.0000	  17.9156	   4.8388
18800.0000	  17.9156	   4.8388
18900.0000	  17.9156	   4.8388
19000.0000	  17.9156	   4.8388
19100.0000	  17.9156	   4.8388
19200.0000	  17.9156	   4.8388
19300.0000	  17.9156	   4.8388
19400.0000	  17.9156	   4.8388
19500.0000	  17.9156	   4.8388
19600.0000	  17.9156	   4.8388
19700.0000	  17.9156	   4.8388
19800.0000	  17.9156	   4.8388
19900.0000	  17.9156	   4.8388
20000.0000	  17.9156	   4.8388