 961.0743	 297.0901	  12.4718
 100.0000	 297.3931	  12.2284
 200.0000	 297.7242	  12.0359
 300.0000	 298.0727	  11.8648
 400.0000	 298.4684	  11.7323
 500.0000	 298.9430	  11.6175
 600.0000	 299.4383	  11.4756
 700.0000	 299.9286	  11.3183
 800.0000	 300.4144	  11.1463
 900.0000	 300.9018	  10.9031
1000.0000	 301.3554	  10.6360
1100.0000	 301.8000	  10.3371
1200.0000	 302.2411	  10.0096
1300.0000	 302.6648	   9.6705
1400.0000	 303.0516	   9.3237
1500.0000	 303.4430	   8.9459
1600.0000	 303.8303	   8.5818
1700.0000	 304.1976	   8.2151
1800.0000	 304.5680	   7.8633
1900.0000	 304.9384	   7.5222
2000.0000	 305.3026	   7.2221
2100.0000	 305.6692	   6.9239
2200.0000	 306.0437	   6.6605
2300.0000	 306.4050	   6.4286
2400.0000	 306.7412	   6.1931
2500.0000	 307.0800	   5.9531
2600.0000	 307.3936	   5.7284
2700.0000	 307.6998	   5.5087
2800.0000	 308.0230	   5.2536
2900.0000	 308.3696	   4.9782
3000.0000	 308.7441	   4.6923
3100.0000	 309.1321	   4.4040
3200.0000	 309.5480	   4.0991
3300.0000	 309.9747	   3.8014
3400.0000	 310.3994	   3.5262
3500.0000	 310.8274	   3.2706
3600.0000	 311.2486	   3.0329
3700.0000	 311.6661	   2.8049
3800.0000	 312.0775	   2.5900
3900.0000	 312.4951	   2.3924
4000.0000	 312.9112	   2.2171
4100.0000	 313.3207	   2.0881
4200.0000	 313.7173	   1.9913
4300.0000	 314.1284	   1.9034
4400.0000	 314.5471	   1.8218
4500.0000	 314.9562	   1.7475
4600.0000	 315.3622	   1.6873
4700.0000	 315.7717	   1.6399
4800.0000	 316.1717	   1.5969
4900.0000	 316.5640	   1.5599
5000.0000	 316.9552	   1.5294
5100.0000	 317.3554	   1.4969
5200.0000	 317.7570	   1.4623
5300.0000	 318.1587	   1.4310
5400.0000	 318.5624	   1.4029
5500.0000	 318.9698	   1.3706
5600.0000	 319.3784	   1.3352
5700.0000	 319.7980	   1.2996
5800.0000	 320.2260	   1.2611
5900.0000	 320.6693	   1.2232
6000.0000	 321.1234	   1.1813
6100.0000	 321.5844	   1.1368
6200.0000	 322.0556	   1.0907
6300.0000	 322.5305	   1.0467
6400.0000	 322.9953	   1.0021
6500.0000	 323.4564	   0.9587
6600.0000	 323.9135	   0.9151
6700.0000	 324.3624	   0.8717
6800.0000	 324.7960	   0.8303
6900.0000	 325.2080	   0.7912
7000.0000	 325.5993	   0.7537
7100.0000	 325.9876	   0.7176
7200.0000	 326.3603	   0.6829
7300.0000	 326.7120	   0.6523
7400.0000	 327.0546	   0.6243
7500.0000	 327.3917	   0.5969
7600.0000	 327.7279	   0.5707
7700.0000	 328.0527	   0.5460
7800.0000	 328.3663	   0.5219
7900.0000	 328.6812	   0.4983
8000.0000	 328.9900	   0.4747
8100.0000	 329.2965	   0.4536
8200.0000	 329.6046	   0.4348
8300.0000	 329.9018	   0.4148
8400.0000	 330.2102	   0.3946
8500.0000	 330.5217	   0.3743
8600.0000	 330.8373	   0.3555
8700.0000	 331.1623	   0.3379
8800.0000	 331.4868	   0.3210
8900.0000	 331.8042	   0.3045
9000.0000	 332.1248	   0.2878
9100.0000	 332.4488	   0.2715
9200.0000	 332.7901	   0.2554
9300.0000	 333.1387	   0.2393
9400.0000	 333.4904	   0.2245
9500.0000	 333.8235	   0.2104
9600.0000	 334.1410	   0.1968
9700.0000	 334.4546	   0.1838
9800.0000	 334.7573	   0.1713
9900.0000	 335.0608	   0.1593
10000.0000	 335.3724	   0.1481
10100.0000	 335.6903	   0.1376
10200.0000	 336.0235	   0.1281
10300.0000	 336.3687	   0.1195
10400.0000	 336.7046	   0.1111
10500.0000	 337.0266	   0.1032
10600.0000	 337.3586	   0.0957
10700.0000	 337.7016	   0.0888
10800.0000	 338.0604	   0.0824
10900.0000	 338.4434	   0.0766
11000.0000	 338.8538	   0.0712
11100.0000	 339.2628	   0.0662
11200.0000	 339.6850	   0.0615
11300.0000	 340.1164	   0.0570
11400.0000	 340.5617	   0.0528
11500.0000	 341.0377	   0.0490
11600.0000	 341.5239	   0.0454
11700.0000	 342.0356	   0.0423
11800.0000	 342.5721	   0.0395
11900.0000	 343.1788	   0.0370
12000.0000	 343.8153	   0.0346
12100.0000	 344.4662	   0.0323
12200.0000	 345.1494	   0.0303
12300.0000	 345.9176	   0.0284
12400.0000	 346.8153	   0.0268
12500.0000	 347.8308	   0.0254
12600.0000	 348.9493	   0.0241
12700.0000	 350.2763	   0.0230
12800.0000	 351.6840	   0.0221
12900.0000	 353.1804	   0.0213
13000.0000	 354.7844	   0.0206
13100.0000	 356.4217	   0.0199
13200.0000	 358.0704	   0.0192
13300.0000	 359.6848	   0.0185
13400.0000	 361.2774	   0.0179
13500.0000	 362.8942	   0.0173
13600.0000	 364.5012	   0.0168
13700.0000	 366.0375	   0.0163
13800.0000	 367.6601	   0.0158
13900.0000	 369.3360	   0.0153
14000.0000	 371.0229	   0.0148
14100.0000	 372.7438	   0.0142
14200.0000	 374.5178	   0.0137
14300.0000	 376.3148	   0.0130
14400.0000	 378.1043	   0.0124
14500.0000	 379.8876	   0.0117
14600.0000	 381.6028	   0.0110
14700.0000	 383.2787	   0.0104
14800.0000	 384.9199	   0.0097
14900.0000	 386.5287	   0.0092
15000.0000	 388.1458	   0.0087
15100.0000	 389.1458	   0.0087
15200.0000	 390.1458	   0.0087
15300.0000	 391.1458	   0.0087
15400.0000	 392.1458	   0.0087
15500.0000	 393.1458	   0.0087
15600.0000	 394.1458	   0.0087
15700.0000	 395.1458	   0.0087
15800.0000	 396.1458	   0.0087
15900.0000	 397.1458	   0.0087
16000.0000	 398.1458	   0.0087
16100.0000	 399.1458	   0.0087
16200.0000	 400.1458	   0.0087
16300.0000	 401.1458	   0.0087
16400.0000	 402.1458	   0.0087
16500.0000	 403.1458	   0.0087
16600.0000	 404.1458	   0.0087
16700.0000	 405.1458	   0.0087
16800.0000	 406.1458	   0.0087
16900.0000	 407.1458	   0.0087
17000.0000	 408.1458	   0.0087
17100.0000	 409.1458	   0.0087
17200.0000	 410.1458	   0.0087
17300.0000	 411.1458	   0.0087
17400.0000	 412.1458	   0.0087
17500.0000	 413.1458	   0.0087
17600.0000	 414.1458	   0.0087
17700.0000	 415.1458	   0.0087
17800.0000	 416.1458	   0.0087
17900.0000	 417.1458	   0.0087
18000.0000	 418.1458	   0.0087
18100.0000	 419.1458	   0.0087
18200.0000	 420.1458	   0.0087
18300.0000	 421.1458	   0.0087
18400.0000	 422.1458	   0.0087
18500.0000	 423.1458	   0.0087
18600.0000	 424.1458	   0.0087
18700.0000	 425.1458	   0.0087
18800.0000	 426.1458	   0.0087
18900.0000	 427.1458	   0.0087
19000.0000	 428.1458	   0.0087
19100.0000	 429.1458	   0.0087
19200.0000	 430.1458	   0.0087
19300.0000	 431.1458	   0.0087
19400.0000	 432.1458	   0.0087
19500.0000	 433.1458	   0.0087
19600.0000	 434.1458	   0.0087
19700.0000	 435.1458	   0.0087
19800.0000	 436.1458	   0.0087
19900.0000	 437.1458	   0.0087
20000.0000	 438.1458	   0.0087