 975.3392	 299.0153	  13.9573
 100.0000	 299.0007	  13.4114	   1.4195	   3.7154
 200.0000	 298.9957	  13.2600	   1.8611	   4.9270
 300.0000	 298.9779	  13.1380	   2.3073	   5.9211
 400.0000	 298.9845	  12.9971	   2.8108	   6.6938
 500.0000	 299.1355	  12.8341	   3.3295	   7.3532
 600.0000	 299.3467	  12.6323	   3.9165	   7.8311
 700.0000	 299.5732	  12.4071	   4.5122	   8.2559
 800.0000	 299.8325	  12.1643	   5.1427	   8.5654
 900.0000	 300.1030	  11.8708	   5.8051	   8.8432
1000.0000	 300.3707	  11.5274	   6.4819	   9.0697
1100.0000	 300.6796	  11.1720	   7.1435	   9.2268
1200.0000	 301.0182	  10.8335	   7.8089	   9.3424
1300.0000	 301.4117	  10.4955	   8.4330	   9.3295
1400.0000	 301.8377	  10.1440	   9.0557	   9.2535
1500.0000	 302.2846	   9.8241	   9.6835	   9.1454
1600.0000	 302.7197	   9.4788	  10.2903	   8.9811
1700.0000	 303.1476	   9.1166	  10.8838	   8.7970
1800.0000	 303.5158	   8.6624	  11.4268	   8.6176
1900.0000	 303.8741	   8.2181	  11.9576	   8.4284
2000.0000	 304.2335	   7.7862	  12.4795	   8.2346
2100.0000	 304.5804	   7.3869	  12.9743	   8.0746
2200.0000	 304.9274	   6.9987	  13.4432	   7.9378
2300.0000	 305.2967	   6.6110	  13.9092	   7.7965
2400.0000	 305.6949	   6.1946	  14.3335	   7.6643
2500.0000	 306.1178	   5.7711	  14.7273	   7.5438
2600.0000	 306.5811	   5.3276	  15.0843	   7.4524
2700.0000	 307.0650	   4.8817	  15.4165	   7.3892
2800.0000	 307.5542	   4.4511	  15.7224	   7.3249
2900.0000	 308.0398	   4.0879	  16.0097	   7.2535
3000.0000	 308.5050	   3.7736	  16.2846	   7.1754
3100.0000	 308.9691	   3.4898	  16.5392	   7.1041
3200.0000	 309.4020	   3.2490	  16.8105	   7.0473
3300.0000	 309.8211	   3.0271	  17.1038	   7.0095
3400.0000	 310.2364	   2.8243	  17.3968	   6.9827
3500.0000	 310.6315	   2.6711	  17.7011	   6.9851
3600.0000	 311.0243	   2.5334	  18.0049	   6.9903
3700.0000	 311.4269	   2.3956	  18.3005	   6.9941
3800.0000	 311.8170	   2.2637	  18.5851	   6.9978
3900.0000	 312.1997	   2.1403	  18.8473	   6.9978
4000.0000	 312.5840	   2.0292	  19.1116	   6.9824
4100.0000	 312.9487	   1.9378	  19.3584	   6.9808
4200.0000	 313.2807	   1.8626	  19.5527	   7.0008
4300.0000	 313.6190	   1.7934	  19.7362	   7.0173
4400.0000	 313.9573	   1.7268	  19.9170	   7.0205
4500.0000	 314.2953	   1.6607	  20.1030	   7.0003
4600.0000	 314.6346	   1.5996	  20.2781	   6.9762
4700.0000	 314.9771	   1.5406	  20.4573	   6.9570
4800.0000	 315.3127	   1.4816	  20.6546	   6.9024
4900.0000	 315.6536	   1.4259	  20.8576	   6.8378
5000.0000	 315.9963	   1.3742	  21.0522	   6.7803
5100.0000	 316.3478	   1.3241	  21.2495	   6.7246
5200.0000	 316.7131	   1.2686	  21.4689	   6.6676
5300.0000	 317.0873	   1.2151	  21.6908	   6.6222
5400.0000	 317.4793	   1.1634	  21.9249	   6.5962
5500.0000	 317.8915	   1.1103	  22.1854	   6.5797
5600.0000	 318.3175	   1.0474	  22.4703	   6.5649
5700.0000	 318.7524	   0.9875	  22.7597	   6.5595
5800.0000	 319.1933	   0.9325	  23.0627	   6.5603
5900.0000	 319.6517	   0.8755	  23.4243	   6.6192
6000.0000	 320.1154	   0.8212	  23.7862	   6.7122
6100.0000	 320.5939	   0.7701	  24.1603	   6.8278
6200.0000	 321.0795	   0.7221	  24.5362	   6.9584
6300.0000	 321.5558	   0.6761	  24.9097	   7.1030
6400.0000	 322.0206	   0.6330	  25.2619	   7.2692
6500.0000	 322.4895	   0.5919	  25.6232	   7.4343
6600.0000	 322.9564	   0.5579	  25.9924	   7.6089
6700.0000	 323.4090	   0.5273	  26.3549	   7.7868
6800.0000	 323.8313	   0.4998	  26.6724	   7.9943
6900.0000	 324.2500	   0.4741	  26.9724	   8.2032
7000.0000	 324.6684	   0.4491	  27.2889	   8.3989
7100.0000	 325.0916	   0.4268	  27.6089	   8.5870
7200.0000	 325.4671	   0.4113	  27.8768	   8.7457
7300.0000	 325.8274	   0.3966	  28.1449	   8.8830
7400.0000	 326.1841	   0.3830	  28.4073	   8.9981
7500.0000	 326.5283	   0.3673	  28.6705	   9.0997
7600.0000	 326.8696	   0.3513	  28.9141	   9.1916
7700.0000	 327.1831	   0.3349	  29.1462	   9.2543
7800.0000	 327.4992	   0.3200	  29.3830	   9.3070
7900.0000	 327.8143	   0.3052	  29.6205	   9.3343
8000.0000	 328.1189	   0.2897	  29.8624	   9.3705
8100.0000	 328.4217	   0.2745	  30.1168	   9.4119
8200.0000	 328.7015	   0.2614	  30.3776	   9.4265
8300.0000	 328.9772	   0.2495	  30.6424	   9.4373
8400.0000	 329.2610	   0.2383	  30.9222	   9.4378
8500.0000	 329.5498	   0.2266	  31.1835	   9.4549
8600.0000	 329.8517	   0.2157	  31.4670	   9.4930
8700.0000	 330.1618	   0.2072	  31.7738	   9.5224
8800.0000	 330.4662	   0.1992	  32.0927	   9.5343
8900.0000	 330.7763	   0.1914	  32.4200	   9.5511
9000.0000	 331.1010	   0.1842	  32.7500	   9.5797
9100.0000	 331.4408	   0.1769	  33.0451	   9.6124
9200.0000	 331.7906	   0.1703	  33.3565	   9.6232
9300.0000	 332.1418	   0.1640	  33.6927	   9.6316
9400.0000	 332.4916	   0.1576	  34.0416	   9.6411
9500.0000	 332.8469	   0.1512	  34.3876	   9.6681
9600.0000	 333.2017	   0.1453	  34.7141	   9.7062
9700.0000	 333.5501	   0.1395	  35.0227	   9.7262
9800.0000	 333.8600	   0.1330	  35.3016	   9.6643
9900.0000	 334.1648	   0.1265	  35.5727	   9.5986
10000.0000	 334.4730	   0.1200	  35.8414	   9.5414
10100.0000	 334.7876	   0.1136	  36.0949	   9.5016
10200.0000	 335.1099	   0.1074	  36.3373	   9.4641
10300.0000	 335.4357	   0.1015	  36.5805	   9.4116
10400.0000	 335.7567	   0.0955	  36.7914	   9.3770
10500.0000	 336.0760	   0.0892	  37.0103	   9.3397
10600.0000	 336.3950	   0.0831	  37.2297	   9.2984
10700.0000	 336.7180	   0.0773	  37.4405	   9.2630
10800.0000	 337.0504	   0.0719	  37.6468	   9.2368
10900.0000	 337.4072	   0.0669	  37.8405	   9.1973
11000.0000	 337.7916	   0.0620	  37.9908	   9.0968
11100.0000	 338.2753	   0.0576	  37.9638	   9.0489
11200.0000	 338.7807	   0.0537	  37.9200	   9.0389
11300.0000	 339.2987	   0.0502	  37.8916	   9.0184
11400.0000	 339.8318	   0.0469	  37.8705	   8.9824
11500.0000	 340.3816	   0.0438	  37.8830	   8.9600
11600.0000	 340.9601	   0.0409	  37.9041	   8.9346
11700.0000	 341.5904	   0.0382	  37.9059	   8.8908
11800.0000	 342.3307	   0.0360	  37.9265	   8.7441
11900.0000	 343.1786	   0.0342	  37.9808	   8.5465
12000.0000	 344.1067	   0.0326	  38.0424	   8.4014
12100.0000	 345.0814	   0.0311	  38.0711	   8.2462
12200.0000	 346.0898	   0.0296	  38.1035	   8.0905
12300.0000	 347.1270	   0.0282	  38.1430	   7.9295
12400.0000	 348.1955	   0.0269	  38.1781	   7.7595
12500.0000	 349.2914	   0.0256	  38.2032	   7.5654
12600.0000	 350.4359	   0.0245	  38.1643	   7.3805
12700.0000	 351.6192	   0.0236	  37.9365	   7.1203
12800.0000	 352.8615	   0.0227	  37.5684	   6.8214
12900.0000	 354.1290	   0.0218	  37.0635	   6.5308
13000.0000	 355.4255	   0.0209	  36.5124	   6.2476
13100.0000	 356.7573	   0.0200	  35.9008	   5.9457
13200.0000	 358.1182	   0.0190	  35.2900	   5.6424
13300.0000	 359.5130	   0.0181	  34.6803	   5.3381
13400.0000	 360.9289	   0.0172	  34.0657	   5.0624
13500.0000	 362.3649	   0.0163	  33.4238	   4.8208
13600.0000	 363.7895	   0.0156	  32.7943	   4.7422
13700.0000	 365.2411	   0.0149	  32.2162	   4.7657
13800.0000	 366.6787	   0.0144	  31.6638	   4.7427
13900.0000	 368.1733	   0.0138	  31.1146	   4.7376
14000.0000	 369.6859	   0.0133	  30.5719	   4.7784
14100.0000	 371.2417	   0.0129	  30.0030	   4.8457
14200.0000	 372.8266	   0.0124	  29.4330	   4.9165
14300.0000	 374.4482	   0.0119	  28.8616	   4.9846
14400.0000	 376.1031	   0.0114	  28.2922	   5.0538
14500.0000	 377.7978	   0.0109	  27.7249	   5.1200
14600.0000	 379.5256	   0.0104	  27.1738	   5.1862
14700.0000	 381.1898	   0.0098	  26.6457	   5.2203
14800.0000	 382.7216	   0.0094	  26.0881	   5.1222
14900.0000	 384.2252	   0.0089	  25.4878	   5.0338
15000.0000	 385.7553	   0.0084	  24.8905	   4.9692
15100.0000	 386.7553	   0.0084	  24.8905	   4.9692
15200.0000	 387.7553	   0.0084	  24.8905	   4.9692
15300.0000	 388.7553	   0.0084	  24.8905	   4.9692
15400.0000	 389.7553	   0.0084	  24.8905	   4.9692
15500.0000	 390.7553	   0.0084	  24.8905	   4.9692
15600.0000	 391.7553	   0.0084	  24.8905	   4.9692
15700.0000	 392.7553	   0.0084	  24.8905	   4.9692
15800.0000	 393.7553	   0.0084	  24.8905	   4.9692
15900.0000	 394.7553	   0.0084	  24.8905	   4.9692
16000.0000	 395.7553	   0.0084	  24.8905	   4.9692
16100.0000	 396.7553	   0.0084	  24.8905	   4.9692
16200.0000	 397.7553	   0.0084	  24.8905	   4.9692
16300.0000	 398.7553	   0.0084	  24.8905	   4.9692
16400.0000	 399.7553	   0.0084	  24.8905	   4.9692
16500.0000	 400.7553	   0.0084	  24.8905	   4.9692
16600.0000	 401.7553	   0.0084	  24.8905	   4.9692
16700.0000	 402.7553	   0.0084	  24.8905	   4.9692
16800.0000	 403.7553	   0.0084	  24.8905	   4.9692
16900.0000	 404.7553	   0.0084	  24.8905	   4.9692
17000.0000	 405.7553	   0.0084	  24.8905	   4.9692
17100.0000	 406.7553	   0.0084	  24.8905	   4.9692
17200.0000	 407.7553	   0.0084	  24.8905	   4.9692
17300.0000	 408.7553	   0.0084	  24.8905	   4.9692
17400.0000	 409.7553	   0.0084	  24.8905	   4.9692
17500.0000	 410.7553	   0.0084	  24.8905	   4.9692
17600.0000	 411.7553	   0.0084	  24.8905	   4.9692
17700.0000	 412.7553	   0.0084	  24.8905	   4.9692
17800.0000	 413.7553	   0.0084	  24.8905	   4.9692
17900.0000	 414.7553	   0.0084	  24.8905	   4.9692
18000.0000	 415.7553	   0.0084	  24.8905	   4.9692
18100.0000	 416.7553	   0.0084	  24.8905	   4.9692
18200.0000	 417.7553	   0.0084	  24.8905	   4.9692
18300.0000	 418.7553	   0.0084	  24.8905	   4.9692
18400.0000	 419.7553	   0.0084	  24.8905	   4.9692
18500.0000	 420.7553	   0.0084	  24.8905	   4.9692
18600.0000	 421.7553	   0.0084	  24.8905	   4.9692
18700.0000	 422.7553	   0.0084	  24.8905	   4.9692
18800.0000	 423.7553	   0.0084	  24.8905	   4.9692
18900.0000	 424.7553	   0.0084	  24.8905	   4.9692
19000.0000	 425.7553	   0.0084	  24.8905	   4.9692
19100.0000	 426.7553	   0.0084	  24.8905	   4.9692
19200.0000	 427.7553	   0.0084	  24.8905	   4.9692
19300.0000	 428.7553	   0.0084	  24.8905	   4.9692
19400.0000	 429.7553	   0.0084	  24.8905	   4.9692
19500.0000	 430.7553	   0.0084	  24.8905	   4.9692
19600.0000	 431.7553	   0.0084	  24.8905	   4.9692
19700.0000	 432.7553	   0.0084	  24.8905	   4.9692
19800.0000	 433.7553	   0.0084	  24.8905	   4.9692
19900.0000	 434.7553	   0.0084	  24.8905	   4.9692
20000.0000	 435.7553	   0.0084	  24.8905	   4.9692