   0.0000	   0.0000	   0.0000
 100.0000	   0.0411	   2.3551
 200.0000	   0.4503	   3.4719
 300.0000	   1.0470	   4.2932
 400.0000	   1.7781	   4.9865
 500.0000	   2.6614	   5.6943
 600.0000	   3.6157	   6.3276
 700.0000	   4.6170	   6.8811
 800.0000	   5.5751	   7.3265
 900.0000	   6.4786	   7.6859
1000.0000	   7.3178	   7.9032
1100.0000	   8.0703	   8.0838
1200.0000	   8.7178	   8.2049
1300.0000	   9.3362	   8.2630
1400.0000	   9.9078	   8.2976
1500.0000	  10.4492	   8.3300
1600.0000	  10.9616	   8.3324
1700.0000	  11.4414	   8.3286
1800.0000	  11.8795	   8.3195
1900.0000	  12.3076	   8.2692
2000.0000	  12.7124	   8.2000
2100.0000	  13.0714	   8.0830
2200.0000	  13.4157	   7.9338
2300.0000	  13.7405	   7.7524
2400.0000	  14.0430	   7.5773
2500.0000	  14.3343	   7.3995
2600.0000	  14.6446	   7.2424
2700.0000	  14.9416	   7.1127
2800.0000	  15.2168	   7.0246
2900.0000	  15.4949	   6.9600
3000.0000	  15.7505	   6.9095
3100.0000	  15.9919	   6.8770
3200.0000	  16.2462	   6.8595
3300.0000	  16.5376	   6.8600
3400.0000	  16.8384	   6.8643
3500.0000	  17.1208	   6.8781
3600.0000	  17.3897	   6.8922
3700.0000	  17.6676	   6.8995
3800.0000	  17.9441	   6.9059
3900.0000	  18.2116	   6.9151
4000.0000	  18.4873	   6.9238
4100.0000	  18.7478	   6.9284
4200.0000	  19.0008	   6.9319
4300.0000	  19.2603	   6.9362
4400.0000	  19.5162	   6.9319
4500.0000	  19.7762	   6.9122
4600.0000	  20.0432	   6.8870
4700.0000	  20.3092	   6.8657
4800.0000	  20.5503	   6.8357
4900.0000	  20.7862	   6.8143
5000.0000	  21.0176	   6.7962
5100.0000	  21.2481	   6.7719
5200.0000	  21.4865	   6.7381
5300.0000	  21.7014	   6.7119
5400.0000	  21.9170	   6.6814
5500.0000	  22.1049	   6.6438
5600.0000	  22.2916	   6.6065
5700.0000	  22.4605	   6.5808
5800.0000	  22.6341	   6.5638
5900.0000	  22.7784	   6.5524
6000.0000	  22.9224	   6.5646
6100.0000	  23.0595	   6.5797
6200.0000	  23.1941	   6.5935
6300.0000	  23.3200	   6.5978
6400.0000	  23.4351	   6.6332
6500.0000	  23.5622	   6.6627
6600.0000	  23.6859	   6.6935
6700.0000	  23.8219	   6.7289
6800.0000	  23.9530	   6.7716
6900.0000	  24.1030	   6.7965
7000.0000	  24.2632	   6.8097
7100.0000	  24.4270	   6.8251
7200.0000	  24.5878	   6.8370
7300.0000	  24.7454	   6.8227
7400.0000	  24.9289	   6.7892
7500.0000	  25.1297	   6.7516
7600.0000	  25.3427	   6.7238
7700.0000	  25.5662	   6.6811
7800.0000	  25.7870	   6.6173
7900.0000	  26.0262	   6.5476
8000.0000	  26.2754	   6.4808
8100.0000	  26.5389	   6.4197
8200.0000	  26.8192	   6.3492
8300.0000	  27.1041	   6.2805
8400.0000	  27.3754	   6.2484
8500.0000	  27.6500	   6.2443
8600.0000	  27.9295	   6.2349
8700.0000	  28.2149	   6.2243
8800.0000	  28.5024	   6.2378
8900.0000	  28.7941	   6.2832
9000.0000	  29.0927	   6.3816
9100.0000	  29.4057	   6.5027
9200.0000	  29.7200	   6.6295
9300.0000	  30.0397	   6.7797
9400.0000	  30.3505	   6.9814
9500.0000	  30.6895	   7.1854
9600.0000	  31.0424	   7.3824
9700.0000	  31.3662	   7.5727
9800.0000	  31.6914	   7.7811
9900.0000	  32.0254	   8.0132
10000.0000	  32.3616	   8.2651
10100.0000	  32.7011	   8.5051
10200.0000	  32.9897	   8.7151
10300.0000	  33.2516	   8.8943
10400.0000	  33.4870	   9.0692
10500.0000	  33.7084	   9.2216
10600.0000	  33.9349	   9.3462
10700.0000	  34.1635	   9.4622
10800.0000	  34.3886	   9.5565
10900.0000	  34.5519	   9.6030
11000.0000	  34.7030	   9.6427
11100.0000	  34.8384	   9.6746
11200.0000	  34.9449	   9.6959
11300.0000	  35.0438	   9.7030
11400.0000	  35.1403	   9.7184
11500.0000	  35.2422	   9.7419
11600.0000	  35.3595	   9.7530
11700.0000	  35.5084	   9.7797
11800.0000	  35.7073	   9.7986
11900.0000	  35.9238	   9.7886
12000.0000	  36.1614	   9.7800
12100.0000	  36.4054	   9.7608
12200.0000	  36.6143	   9.7381
12300.0000	  36.7965	   9.6427
12400.0000	  36.9159	   9.4711
12500.0000	  36.9930	   9.2532
12600.0000	  37.0373	   8.9968
12700.0000	  36.9581	   8.6124
12800.0000	  36.8192	   8.1959
12900.0000	  36.6289	   7.7462
13000.0000	  36.3665	   7.2814
13100.0000	  36.1046	   6.8146
13200.0000	  35.8232	   6.3465
13300.0000	  35.4814	   5.9205
13400.0000	  35.0254	   5.5570
13500.0000	  34.4786	   5.2108
13600.0000	  33.8478	   4.9327
13700.0000	  33.1976	   4.7495
13800.0000	  32.4822	   4.6297
13900.0000	  31.7022	   4.5365
14000.0000	  30.9259	   4.4689
14100.0000	  30.1665	   4.3978
14200.0000	  29.4046	   4.3208
14300.0000	  28.6327	   4.2386
14400.0000	  27.8824	   4.1846
14500.0000	  27.2203	   4.1243
14600.0000	  26.5973	   4.0854
14700.0000	  25.9573	   4.0403
14800.0000	  25.3514	   4.0130
14900.0000	  24.7578	   3.9784
15000.0000	  24.1824	   3.9068
15100.0000	  24.1824	   3.9068
15200.0000	  24.1824	   3.9068
15300.0000	  24.1824	   3.9068
15400.0000	  24.1824	   3.9068
15500.0000	  24.1824	   3.9068
15600.0000	  24.1824	   3.9068
15700.0000	  24.1824	   3.9068
15800.0000	  24.1824	   3.9068
15900.0000	  24.1824	   3.9068
16000.0000	  24.1824	   3.9068
16100.0000	  24.1824	   3.9068
16200.0000	  24.1824	   3.9068
16300.0000	  24.1824	   3.9068
16400.0000	  24.1824	   3.9068
16500.0000	  24.1824	   3.9068
16600.0000	  24.1824	   3.9068
16700.0000	  24.1824	   3.9068
16800.0000	  24.1824	   3.9068
16900.0000	  24.1824	   3.9068
17000.0000	  24.1824	   3.9068
17100.0000	  24.1824	   3.9068
17200.0000	  24.1824	   3.9068
17300.0000	  24.1824	   3.9068
17400.0000	  24.1824	   3.9068
17500.0000	  24.1824	   3.9068
17600.0000	  24.1824	   3.9068
17700.0000	  24.1824	   3.9068
17800.0000	  24.1824	   3.9068
17900.0000	  24.1824	   3.9068
18000.0000	  24.1824	   3.9068
18100.0000	  24.1824	   3.9068
18200.0000	  24.1824	   3.9068
18300.0000	  24.1824	   3.9068
18400.0000	  24.1824	   3.9068
18500.0000	  24.1824	   3.9068
18600.0000	  24.1824	   3.9068
18700.0000	  24.1824	   3.9068
18800.0000	  24.1824	   3.9068
18900.0000	  24.1824	   3.9068
19000.0000	  24.1824	   3.9068
19100.0000	  24.1824	   3.9068
19200.0000	  24.1824	   3.9068
19300.0000	  24.1824	   3.9068
19400.0000	  24.1824	   3.9068
19500.0000	  24.1824	   3.9068
19600.0000	  24.1824	   3.9068
19700.0000	  24.1824	   3.9068
19800.0000	  24.1824	   3.9068
19900.0000	  24.1824	   3.9068
20000.0000	  24.1824	   3.9068