 980.5667	 300.7021	  16.1256
 100.0000	 300.7901	  15.6897	  -0.0489	  12.8989
 200.0000	 300.8228	  15.4539	   0.3933	  16.0578
 300.0000	 300.8962	  15.3385	   0.8700	  18.1911
 400.0000	 300.9652	  15.1733	   1.3633	  20.1944
 500.0000	 301.0566	  14.9295	   1.9022	  22.0100
 600.0000	 301.1757	  14.6742	   2.4622	  23.6178
 700.0000	 301.3515	  14.3245	   3.3556	  24.9711
 800.0000	 301.5554	  13.9299	   4.4289	  26.2211
 900.0000	 301.9487	  13.6376	   5.8300	  27.1289
1000.0000	 302.5104	  13.4289	   7.3367	  27.7033
1100.0000	 303.0825	  13.2789	   8.8222	  28.1233
1200.0000	 303.6724	  13.1519	  10.3556	  27.9756
1300.0000	 304.2765	  13.0382	  11.9056	  27.7011
1400.0000	 304.7445	  12.8118	  13.3167	  27.1322
1500.0000	 305.1295	  12.4900	  14.6444	  26.4778
1600.0000	 305.5346	  12.0665	  15.7389	  25.8478
1700.0000	 305.8858	  11.5150	  16.2944	  25.3211
1800.0000	 306.2022	  10.9711	  16.6944	  24.7867
1900.0000	 306.6465	  10.3725	  17.0533	  24.3656
2000.0000	 307.2640	   9.8913	  17.3956	  24.1478
2100.0000	 307.8786	   9.4031	  17.7333	  23.9589
2200.0000	 308.3878	   8.6271	  18.0956	  23.7578
2300.0000	 308.8897	   7.5507	  18.4444	  23.5633
2400.0000	 309.3894	   6.6053	  18.7667	  23.4378
2500.0000	 309.8352	   5.9745	  19.0744	  23.4944
2600.0000	 310.2413	   5.4574	  19.3589	  23.5856
2700.0000	 310.6250	   4.9430	  19.6300	  23.7178
2800.0000	 311.0433	   4.6679	  19.7489	  23.9967
2900.0000	 311.5191	   4.4256	  19.8456	  24.3189
3000.0000	 312.1609	   4.2924	  19.8967	  24.6744
3100.0000	 312.7307	   4.0847	  20.0433	  24.8478
3200.0000	 313.3324	   3.8759	  20.1756	  25.0278
3300.0000	 313.8781	   3.6584	  20.4389	  25.1044
3400.0000	 314.3206	   3.4953	  20.8944	  24.9689
3500.0000	 314.7437	   3.3992	  21.3467	  24.7733
3600.0000	 315.0485	   3.2914	  21.8444	  24.5533
3700.0000	 315.3115	   3.1826	  22.4000	  24.3456
3800.0000	 315.5795	   3.0537	  22.9578	  24.1333
3900.0000	 315.8299	   2.9273	  23.5156	  23.8756
4000.0000	 316.0646	   2.8022	  24.0522	  23.5956
4100.0000	 316.3026	   2.6750	  24.5889	  23.3100
4200.0000	 316.5451	   2.5525	  25.1133	  23.0067
4300.0000	 316.7746	   2.4363	  25.6044	  22.6711
4400.0000	 317.0043	   2.3257	  26.0789	  22.3456
4500.0000	 317.2372	   2.2214	  26.5467	  22.0256
4600.0000	 317.4801	   2.1222	  26.9867	  21.6944
4700.0000	 317.7686	   2.0367	  27.3600	  21.4389
4800.0000	 318.0691	   1.9570	  27.7233	  21.1900
4900.0000	 318.3873	   1.8803	  28.0744	  20.9478
5000.0000	 318.7708	   1.8105	  28.3511	  20.7211
5100.0000	 319.1893	   1.7463	  28.6200	  20.5067
5200.0000	 319.6148	   1.6842	  28.8989	  20.2933
5300.0000	 320.0615	   1.6273	  29.1578	  20.1000
5400.0000	 320.4781	   1.5665	  29.4711	  19.8911
5500.0000	 320.9015	   1.5070	  29.7933	  19.6789
5600.0000	 321.3386	   1.4498	  30.1178	  19.4733
5700.0000	 321.7442	   1.4178	  30.4244	  19.2933
5800.0000	 322.0753	   1.3845	  30.7244	  19.0733
5900.0000	 322.4133	   1.3491	  31.0322	  18.8511
6000.0000	 322.7611	   1.3095	  31.3444	  18.6256
6100.0000	 323.0984	   1.2501	  31.6489	  18.4300
6200.0000	 323.3871	   1.1917	  31.9089	  18.2311
6300.0000	 323.6808	   1.1352	  32.1589	  18.0322
6400.0000	 323.9793	   1.0803	  32.4078	  17.8389
6500.0000	 324.2234	   1.0234	  32.6600	  17.6289
6600.0000	 324.4555	   0.9690	  32.9033	  17.4233
6700.0000	 324.6890	   0.9167	  33.1344	  17.2189
6800.0000	 324.9368	   0.8672	  33.3500	  17.0133
6900.0000	 325.1879	   0.8199	  33.5689	  16.8089
7000.0000	 325.4285	   0.7749	  33.7922	  16.6022
7100.0000	 325.6670	   0.7320	  34.0067	  16.4011
7200.0000	 325.9124	   0.6910	  34.2122	  16.2067
7300.0000	 326.1636	   0.6517	  34.4189	  16.0133
7400.0000	 326.4264	   0.6152	  34.6100	  15.8211
7500.0000	 326.6885	   0.5807	  34.7722	  15.6311
7600.0000	 326.9539	   0.5476	  34.9311	  15.4622
7700.0000	 327.2278	   0.5166	  35.0744	  15.3111
7800.0000	 327.5052	   0.4873	  35.2122	  15.1644
7900.0000	 327.8048	   0.4606	  35.3178	  15.0433
8000.0000	 328.1171	   0.4354	  35.4111	  14.9367
8100.0000	 328.4360	   0.4115	  35.5056	  14.8311
8200.0000	 328.7504	   0.3885	  35.6300	  14.7289
8300.0000	 329.0763	   0.3669	  35.7333	  14.6389
8400.0000	 329.4439	   0.3479	  35.7511	  14.5967
8500.0000	 329.8412	   0.3303	  35.7400	  14.5800
8600.0000	 330.2441	   0.3135	  35.7211	  14.5644
8700.0000	 330.6414	   0.2972	  35.7178	  14.5478
8800.0000	 331.0444	   0.2817	  35.7189	  14.5411
8900.0000	 331.4369	   0.2673	  35.7044	  14.5344
9000.0000	 331.8156	   0.2537	  35.7178	  14.5133
9100.0000	 332.2145	   0.2408	  35.7256	  14.5011
9200.0000	 332.6205	   0.2285	  35.7289	  14.5000
9300.0000	 333.0169	   0.2165	  35.7544	  14.4967
9400.0000	 333.3899	   0.2044	  35.7833	  14.4944
9500.0000	 333.7024	   0.1924	  35.8122	  14.4800
9600.0000	 334.0128	   0.1809	  35.8422	  14.4567
9700.0000	 334.3344	   0.1700	  35.8689	  14.4456
9800.0000	 334.6691	   0.1597	  35.8900	  14.4478
9900.0000	 335.0054	   0.1499	  35.9156	  14.4433
10000.0000	 335.3344	   0.1406	  35.9311	  14.4656
10100.0000	 335.6300	   0.1317	  35.9222	  14.5100
10200.0000	 335.9306	   0.1233	  35.9133	  14.5544
10300.0000	 336.2540	   0.1154	  35.9011	  14.6022
10400.0000	 336.5878	   0.1080	  35.8511	  14.6478
10500.0000	 336.9359	   0.1011	  35.7956	  14.7044
10600.0000	 337.2883	   0.0947	  35.7289	  14.7656
10700.0000	 337.6016	   0.0886	  35.6500	  14.8544
10800.0000	 337.9181	   0.0828	  35.5656	  14.9756
10900.0000	 338.2515	   0.0773	  35.4822	  15.0944
11000.0000	 338.6071	   0.0722	  35.4033	  15.2122
11100.0000	 339.0056	   0.0676	  35.3667	  15.3133
11200.0000	 339.4215	   0.0634	  35.3133	  15.4256
11300.0000	 339.8366	   0.0595	  35.2422	  15.5111
11400.0000	 340.2415	   0.0559	  35.1600	  15.5800
11500.0000	 340.6659	   0.0525	  35.0878	  15.6733
11600.0000	 341.1029	   0.0492	  35.0156	  15.7667
11700.0000	 341.5620	   0.0461	  34.9400	  15.8611
11800.0000	 341.9992	   0.0431	  34.8811	  15.9622
11900.0000	 342.4261	   0.0403	  34.8278	  16.0733
12000.0000	 342.8783	   0.0377	  34.7667	  16.1822
12100.0000	 343.3452	   0.0355	  34.7011	  16.3078
12200.0000	 343.8256	   0.0337	  34.6667	  16.3300
12300.0000	 344.3353	   0.0320	  34.6467	  16.3344
12400.0000	 344.8705	   0.0303	  34.6267	  16.3356
12500.0000	 345.4232	   0.0287	  34.6056	  16.3400
12600.0000	 346.0025	   0.0272	  34.5833	  16.3422
12700.0000	 346.5938	   0.0257	  34.5422	  16.3433
12800.0000	 347.1631	   0.0242	  34.4822	  16.3056
12900.0000	 347.7999	   0.0227	  34.4189	  16.2333
13000.0000	 348.4909	   0.0212	  34.2511	  16.1400
13100.0000	 349.2186	   0.0200	  33.9978	  16.0389
13200.0000	 350.0990	   0.0191	  33.5411	  15.8633
13300.0000	 351.0127	   0.0183	  33.0833	  15.6867
13400.0000	 351.9457	   0.0174	  32.6244	  15.5089
13500.0000	 352.9150	   0.0167	  32.1656	  15.3311
13600.0000	 354.0054	   0.0159	  31.5944	  15.1056
13700.0000	 355.2745	   0.0152	  30.9889	  14.9333
13800.0000	 356.6205	   0.0146	  30.3844	  14.7878
13900.0000	 357.8779	   0.0141	  29.9400	  14.6656
14000.0000	 359.1511	   0.0137	  29.6233	  14.5678
14100.0000	 360.4470	   0.0133	  29.3067	  14.4711
14200.0000	 361.7779	   0.0128	  29.0011	  14.3733
14300.0000	 363.0983	   0.0124	  28.8789	  14.2789
14400.0000	 364.4462	   0.0119	  28.7589	  14.1867
14500.0000	 365.8310	   0.0114	  28.6356	  14.0944
14600.0000	 367.2569	   0.0110	  28.5133	  14.0011
14700.0000	 368.6870	   0.0106	  28.4078	  13.9556
14800.0000	 370.0680	   0.0103	  28.2256	  13.9444
14900.0000	 371.5019	   0.0100	  28.0244	  13.9189
15000.0000	 373.2758	   0.0097	  27.4667	  13.7722
15100.0000	 374.2758	   0.0097	  27.4667	  13.7722
15200.0000	 375.2758	   0.0097	  27.4667	  13.7722
15300.0000	 376.2758	   0.0097	  27.4667	  13.7722
15400.0000	 377.2758	   0.0097	  27.4667	  13.7722
15500.0000	 378.2758	   0.0097	  27.4667	  13.7722
15600.0000	 379.2758	   0.0097	  27.4667	  13.7722
15700.0000	 380.2758	   0.0097	  27.4667	  13.7722
15800.0000	 381.2758	   0.0097	  27.4667	  13.7722
15900.0000	 382.2758	   0.0097	  27.4667	  13.7722
16000.0000	 383.2758	   0.0097	  27.4667	  13.7722
16100.0000	 384.2758	   0.0097	  27.4667	  13.7722
16200.0000	 385.2758	   0.0097	  27.4667	  13.7722
16300.0000	 386.2758	   0.0097	  27.4667	  13.7722
16400.0000	 387.2758	   0.0097	  27.4667	  13.7722
16500.0000	 388.2758	   0.0097	  27.4667	  13.7722
16600.0000	 389.2758	   0.0097	  27.4667	  13.7722
16700.0000	 390.2758	   0.0097	  27.4667	  13.7722
16800.0000	 391.2758	   0.0097	  27.4667	  13.7722
16900.0000	 392.2758	   0.0097	  27.4667	  13.7722
17000.0000	 393.2758	   0.0097	  27.4667	  13.7722
17100.0000	 394.2758	   0.0097	  27.4667	  13.7722
17200.0000	 395.2758	   0.0097	  27.4667	  13.7722
17300.0000	 396.2758	   0.0097	  27.4667	  13.7722
17400.0000	 397.2758	   0.0097	  27.4667	  13.7722
17500.0000	 398.2758	   0.0097	  27.4667	  13.7722
17600.0000	 399.2758	   0.0097	  27.4667	  13.7722
17700.0000	 400.2758	   0.0097	  27.4667	  13.7722
17800.0000	 401.2758	   0.0097	  27.4667	  13.7722
17900.0000	 402.2758	   0.0097	  27.4667	  13.7722
18000.0000	 403.2758	   0.0097	  27.4667	  13.7722
18100.0000	 404.2758	   0.0097	  27.4667	  13.7722
18200.0000	 405.2758	   0.0097	  27.4667	  13.7722
18300.0000	 406.2758	   0.0097	  27.4667	  13.7722
18400.0000	 407.2758	   0.0097	  27.4667	  13.7722
18500.0000	 408.2758	   0.0097	  27.4667	  13.7722
18600.0000	 409.2758	   0.0097	  27.4667	  13.7722
18700.0000	 410.2758	   0.0097	  27.4667	  13.7722
18800.0000	 411.2758	   0.0097	  27.4667	  13.7722
18900.0000	 412.2758	   0.0097	  27.4667	  13.7722
19000.0000	 413.2758	   0.0097	  27.4667	  13.7722
19100.0000	 414.2758	   0.0097	  27.4667	  13.7722
19200.0000	 415.2758	   0.0097	  27.4667	  13.7722
19300.0000	 416.2758	   0.0097	  27.4667	  13.7722
19400.0000	 417.2758	   0.0097	  27.4667	  13.7722
19500.0000	 418.2758	   0.0097	  27.4667	  13.7722
19600.0000	 419.2758	   0.0097	  27.4667	  13.7722
19700.0000	 420.2758	   0.0097	  27.4667	  13.7722
19800.0000	 421.2758	   0.0097	  27.4667	  13.7722
19900.0000	 422.2758	   0.0097	  27.4667	  13.7722
20000.0000	 423.2758	   0.0097	  27.4667	  13.7722
