 968.3333	 299.8791	  13.1181
 100.0000	 300.1609	  12.8367	  -2.9167	   9.2233
 200.0000	 300.4930	  12.8619	  -3.5733	  12.8467
 300.0000	 300.6289	  12.8773	  -4.0767	  15.8600
 400.0000	 300.7090	  12.8160	  -4.2533	  18.1633
 500.0000	 300.7857	  12.7254	  -4.2833	  20.1167
 600.0000	 300.8454	  12.5402	  -3.9400	  21.4967
 700.0000	 300.9179	  12.2648	  -3.4567	  22.8800
 800.0000	 301.0687	  11.8348	  -2.3833	  23.9967
 900.0000	 301.2513	  11.2870	  -0.8233	  25.2733
1000.0000	 301.4753	  10.6985	   0.9033	  26.5600
1100.0000	 301.8008	  10.1967	   2.6933	  27.5567
1200.0000	 302.1835	   9.8077	   4.3700	  28.3267
1300.0000	 302.5605	   9.6113	   5.8067	  28.5600
1400.0000	 302.9129	   9.4673	   7.1500	  28.6000
1500.0000	 303.2873	   9.3205	   8.4067	  28.5400
1600.0000	 303.6332	   9.0984	   9.4733	  28.2900
1700.0000	 303.9434	   8.8142	  10.4667	  27.9600
1800.0000	 304.2009	   8.4662	  11.1767	  27.4967
1900.0000	 304.5892	   8.1913	  11.8533	  26.9933
2000.0000	 305.0474	   7.9915	  12.5500	  26.4633
2100.0000	 305.5390	   7.9524	  13.3733	  25.9100
2200.0000	 305.9527	   7.9329	  14.0633	  25.5833
2300.0000	 306.4377	   7.7720	  14.8100	  25.3467
2400.0000	 307.0498	   7.4406	  15.6633	  25.2867
2500.0000	 307.7899	   6.9982	  16.4000	  25.3033
2600.0000	 308.5763	   6.5710	  16.9867	  25.4600
2700.0000	 309.3470	   6.1878	  17.4367	  25.6900
2800.0000	 310.0853	   5.8182	  17.7633	  25.8933
2900.0000	 310.7358	   5.4866	  17.8100	  26.0100
3000.0000	 311.3224	   5.2498	  17.8433	  25.9933
3100.0000	 311.8412	   5.1248	  17.9700	  25.9300
3200.0000	 312.2063	   5.1152	  18.2300	  25.7733
3300.0000	 312.5232	   5.0937	  18.5733	  25.6267
3400.0000	 312.8121	   5.0534	  19.0633	  25.5300
3500.0000	 313.0689	   4.9970	  19.7267	  25.5400
3600.0000	 313.2536	   4.9029	  20.3733	  25.5767
3700.0000	 313.4447	   4.7569	  21.0233	  25.5433
3800.0000	 313.6409	   4.5846	  21.6767	  25.4600
3900.0000	 313.8339	   4.4013	  22.3000	  25.3267
4000.0000	 314.0311	   4.2235	  22.8900	  25.1800
4100.0000	 314.2403	   4.0528	  23.4733	  25.0300
4200.0000	 314.4475	   3.8877	  24.0433	  24.8733
4300.0000	 314.6564	   3.7269	  24.5900	  24.7133
4400.0000	 314.8691	   3.5700	  25.1333	  24.5467
4500.0000	 315.0924	   3.4198	  25.6867	  24.3600
4600.0000	 315.3523	   3.2774	  26.2067	  24.1400
4700.0000	 315.6523	   3.1218	  26.7133	  23.9433
4800.0000	 315.9932	   2.9715	  27.2167	  23.7433
4900.0000	 316.3922	   2.8280	  27.6933	  23.5333
5000.0000	 316.8462	   2.6783	  28.1200	  23.3333
5100.0000	 317.3513	   2.5234	  28.5167	  23.1600
5200.0000	 317.8644	   2.3658	  28.8533	  23.0300
5300.0000	 318.3874	   2.2153	  29.1233	  22.8867
5400.0000	 318.9328	   2.0755	  29.2900	  22.7200
5500.0000	 319.4948	   1.9420	  29.4133	  22.5500
5600.0000	 320.0632	   1.8068	  29.4300	  22.4033
5700.0000	 320.6312	   1.6763	  29.3933	  22.2500
5800.0000	 321.1357	   1.5770	  29.4600	  22.0300
5900.0000	 321.6336	   1.4901	  29.5700	  21.7867
6000.0000	 322.1024	   1.4188	  29.7733	  21.4667
6100.0000	 322.5939	   1.3508	  30.0100	  21.2467
6200.0000	 323.0565	   1.2850	  30.1800	  21.0333
6300.0000	 323.5104	   1.2215	  30.3267	  20.8100
6400.0000	 323.9410	   1.1600	  30.4733	  20.5933
6500.0000	 324.4036	   1.1031	  30.6733	  20.4133
6600.0000	 324.8657	   1.0486	  30.9167	  20.2767
6700.0000	 325.3195	   0.9959	  31.1167	  20.1433
6800.0000	 325.7654	   0.9429	  31.2267	  20.0100
6900.0000	 326.2181	   0.8918	  31.3133	  19.8767
7000.0000	 326.6364	   0.8415	  31.4067	  19.7433
7100.0000	 327.0658	   0.7954	  31.4167	  19.6167
7200.0000	 327.5045	   0.7516	  31.4200	  19.4933
7300.0000	 327.9510	   0.7105	  31.3967	  19.3733
7400.0000	 328.3981	   0.6705	  31.3533	  19.2433
7500.0000	 328.7837	   0.6297	  31.2200	  19.0833
7600.0000	 329.1895	   0.5935	  30.9800	  18.9433
7700.0000	 329.6316	   0.5621	  30.6533	  18.8167
7800.0000	 330.1161	   0.5347	  30.2800	  18.6967
7900.0000	 330.6043	   0.5077	  29.8967	  18.5700
8000.0000	 331.0297	   0.4790	  29.5033	  18.4267
8100.0000	 331.4020	   0.4505	  29.2233	  18.3600
8200.0000	 331.7012	   0.4227	  28.9967	  18.2933
8300.0000	 331.9558	   0.3958	  28.8033	  18.2333
8400.0000	 332.2387	   0.3708	  28.6167	  18.1700
8500.0000	 332.5108	   0.3474	  28.3733	  18.1100
8600.0000	 332.7566	   0.3251	  28.1467	  18.0633
8700.0000	 333.0111	   0.3039	  27.9267	  18.0233
8800.0000	 333.2669	   0.2839	  27.7167	  17.9967
8900.0000	 333.5445	   0.2652	  27.4967	  17.9633
9000.0000	 333.8199	   0.2476	  27.2567	  17.9300
9100.0000	 334.0992	   0.2313	  26.9833	  17.9233
9200.0000	 334.4015	   0.2159	  26.7367	  17.9567
9300.0000	 334.7041	   0.2009	  26.5300	  18.0700
9400.0000	 335.0002	   0.1865	  26.3267	  18.2100
9500.0000	 335.3241	   0.1731	  26.1267	  18.3467
9600.0000	 335.6411	   0.1613	  25.9867	  18.4967
9700.0000	 335.9231	   0.1520	  25.9700	  18.6767
9800.0000	 336.2338	   0.1436	  25.9433	  18.8733
9900.0000	 336.5539	   0.1357	  25.9000	  19.0967
10000.0000	 336.8952	   0.1284	  25.8500	  19.3233
10100.0000	 337.2535	   0.1214	  25.8067	  19.5533
10200.0000	 337.6305	   0.1147	  25.7600	  19.7800
10300.0000	 337.9827	   0.1085	  25.7433	  20.0100
10400.0000	 338.3481	   0.1033	  25.6767	  20.2567
10500.0000	 338.7376	   0.0985	  25.5933	  20.5300
10600.0000	 339.1406	   0.0943	  25.4833	  20.8467
10700.0000	 339.5614	   0.0902	  25.3633	  21.1667
10800.0000	 340.0085	   0.0862	  25.2500	  21.4800
10900.0000	 340.4726	   0.0824	  25.1367	  21.7967
11000.0000	 340.9158	   0.0773	  25.0567	  22.1033
11100.0000	 341.2926	   0.0727	  25.0300	  22.3700
11200.0000	 341.6462	   0.0683	  25.0300	  22.6067
11300.0000	 341.9539	   0.0640	  25.0700	  22.8033
11400.0000	 342.2895	   0.0600	  25.1033	  22.9933
11500.0000	 342.6398	   0.0562	  25.1400	  23.1867
11600.0000	 343.0123	   0.0526	  25.1733	  23.3800
11700.0000	 343.4205	   0.0492	  25.2100	  23.5333
11800.0000	 343.8225	   0.0459	  25.2800	  23.5967
11900.0000	 344.2015	   0.0429	  25.3967	  23.6000
12000.0000	 344.5413	   0.0400	  25.6100	  23.5100
12100.0000	 344.8944	   0.0372	  25.8400	  23.3933
12200.0000	 345.2521	   0.0346	  26.0700	  23.2867
12300.0000	 345.6473	   0.0322	  26.3033	  23.1733
12400.0000	 346.0649	   0.0299	  26.5300	  23.0600
12500.0000	 346.5311	   0.0278	  26.7600	  22.9200
12600.0000	 347.2446	   0.0263	  26.9300	  22.6267
12700.0000	 348.2289	   0.0249	  26.8200	  22.3767
12800.0000	 349.3640	   0.0237	  26.5900	  22.1467
12900.0000	 350.6863	   0.0226	  26.2267	  21.9333
13000.0000	 352.0311	   0.0216	  25.8633	  21.7200
13100.0000	 353.4145	   0.0205	  25.4933	  21.5067
13200.0000	 354.8226	   0.0194	  25.1267	  21.2933
13300.0000	 356.2664	   0.0184	  24.7633	  21.0800
13400.0000	 357.7463	   0.0173	  24.3967	  20.8667
13500.0000	 359.1454	   0.0166	  23.7933	  20.7833
13600.0000	 360.4752	   0.0160	  23.2033	  20.6433
13700.0000	 361.8077	   0.0154	  22.6833	  20.4267
13800.0000	 363.0261	   0.0152	  22.0667	  20.0600
13900.0000	 364.2979	   0.0151	  21.4500	  19.6867
14000.0000	 365.5747	   0.0149	  20.8367	  19.3200
14100.0000	 366.8991	   0.0148	  20.2233	  18.9467
14200.0000	 368.2473	   0.0146	  19.6067	  18.5800
14300.0000	 369.6262	   0.0144	  18.9933	  18.2067
14400.0000	 371.0477	   0.0143	  18.3767	  17.8400
14500.0000	 372.5032	   0.0142	  17.7633	  17.4667
14600.0000	 374.0152	   0.0138	  17.2600	  17.1233
14700.0000	 375.5385	   0.0134	  16.7667	  16.8600
14800.0000	 377.0452	   0.0129	  16.1667	  16.7133
14900.0000	 378.5274	   0.0123	  15.7133	  16.7533
15000.0000	 380.0360	   0.0116	  15.2967	  16.8300
15100.0000	 381.0360	   0.0116	  15.2967	  16.8300
15200.0000	 382.0360	   0.0116	  15.2967	  16.8300
15300.0000	 383.0360	   0.0116	  15.2967	  16.8300
15400.0000	 384.0360	   0.0116	  15.2967	  16.8300
15500.0000	 385.0360	   0.0116	  15.2967	  16.8300
15600.0000	 386.0360	   0.0116	  15.2967	  16.8300
15700.0000	 387.0360	   0.0116	  15.2967	  16.8300
15800.0000	 388.0360	   0.0116	  15.2967	  16.8300
15900.0000	 389.0360	   0.0116	  15.2967	  16.8300
16000.0000	 390.0360	   0.0116	  15.2967	  16.8300
16100.0000	 391.0360	   0.0116	  15.2967	  16.8300
16200.0000	 392.0360	   0.0116	  15.2967	  16.8300
16300.0000	 393.0360	   0.0116	  15.2967	  16.8300
16400.0000	 394.0360	   0.0116	  15.2967	  16.8300
16500.0000	 395.0360	   0.0116	  15.2967	  16.8300
16600.0000	 396.0360	   0.0116	  15.2967	  16.8300
16700.0000	 397.0360	   0.0116	  15.2967	  16.8300
16800.0000	 398.0360	   0.0116	  15.2967	  16.8300
16900.0000	 399.0360	   0.0116	  15.2967	  16.8300
17000.0000	 400.0360	   0.0116	  15.2967	  16.8300
17100.0000	 401.0360	   0.0116	  15.2967	  16.8300
17200.0000	 402.0360	   0.0116	  15.2967	  16.8300
17300.0000	 403.0360	   0.0116	  15.2967	  16.8300
17400.0000	 404.0360	   0.0116	  15.2967	  16.8300
17500.0000	 405.0360	   0.0116	  15.2967	  16.8300
17600.0000	 406.0360	   0.0116	  15.2967	  16.8300
17700.0000	 407.0360	   0.0116	  15.2967	  16.8300
17800.0000	 408.0360	   0.0116	  15.2967	  16.8300
17900.0000	 409.0360	   0.0116	  15.2967	  16.8300
18000.0000	 410.0360	   0.0116	  15.2967	  16.8300
18100.0000	 411.0360	   0.0116	  15.2967	  16.8300
18200.0000	 412.0360	   0.0116	  15.2967	  16.8300
18300.0000	 413.0360	   0.0116	  15.2967	  16.8300
18400.0000	 414.0360	   0.0116	  15.2967	  16.8300
18500.0000	 415.0360	   0.0116	  15.2967	  16.8300
18600.0000	 416.0360	   0.0116	  15.2967	  16.8300
18700.0000	 417.0360	   0.0116	  15.2967	  16.8300
18800.0000	 418.0360	   0.0116	  15.2967	  16.8300
18900.0000	 419.0360	   0.0116	  15.2967	  16.8300
19000.0000	 420.0360	   0.0116	  15.2967	  16.8300
19100.0000	 421.0360	   0.0116	  15.2967	  16.8300
19200.0000	 422.0360	   0.0116	  15.2967	  16.8300
19300.0000	 423.0360	   0.0116	  15.2967	  16.8300
19400.0000	 424.0360	   0.0116	  15.2967	  16.8300
19500.0000	 425.0360	   0.0116	  15.2967	  16.8300
19600.0000	 426.0360	   0.0116	  15.2967	  16.8300
19700.0000	 427.0360	   0.0116	  15.2967	  16.8300
19800.0000	 428.0360	   0.0116	  15.2967	  16.8300
19900.0000	 429.0360	   0.0116	  15.2967	  16.8300
20000.0000	 430.0360	   0.0116	  15.2967	  16.8300