 975.9574	 298.4922	  14.0324
 100.0000	 298.6591	  13.4608	   1.8021	   3.2294
 200.0000	 298.7140	  13.2923	   2.3406	   4.2282
 300.0000	 298.7336	  13.1580	   2.8706	   5.0441
 400.0000	 298.8335	  13.0107	   3.4341	   5.6818
 500.0000	 298.9910	  12.8420	   4.0012	   6.2271
 600.0000	 299.2154	  12.6393	   4.6097	   6.6253
 700.0000	 299.4555	  12.4189	   5.2153	   6.9656
 800.0000	 299.7243	  12.1926	   5.8068	   7.2038
 900.0000	 300.0025	  11.9215	   6.3900	   7.3935
1000.0000	 300.2741	  11.5997	   6.9741	   7.5265
1100.0000	 300.5816	  11.2570	   7.5362	   7.6094
1200.0000	 300.9163	  10.9226	   8.1124	   7.6674
1300.0000	 301.3113	  10.5723	   8.6647	   7.6326
1400.0000	 301.7437	  10.2031	   9.2238	   7.5465
1500.0000	 302.1970	   9.8683	   9.7962	   7.4341
1600.0000	 302.6399	   9.5125	  10.3624	   7.2774
1700.0000	 303.0781	   9.1436	  10.9206	   7.1062
1800.0000	 303.4561	   8.6800	  11.4488	   6.9518
1900.0000	 303.8117	   8.2205	  11.9668	   6.7903
2000.0000	 304.1625	   7.7679	  12.4732	   6.6262
2100.0000	 304.4966	   7.3372	  12.9391	   6.5009
2200.0000	 304.8379	   6.9170	  13.3885	   6.3809
2300.0000	 305.1969	   6.5102	  13.8297	   6.2479
2400.0000	 305.5763	   6.0878	  14.2162	   6.1094
2500.0000	 305.9713	   5.6678	  14.5797	   5.9768
2600.0000	 306.4063	   5.2246	  14.9165	   5.8635
2700.0000	 306.8649	   4.7751	  15.2382	   5.7744
2800.0000	 307.3322	   4.3409	  15.5424	   5.6865
2900.0000	 307.8034	   3.9763	  15.8509	   5.5985
3000.0000	 308.2579	   3.6568	  16.1471	   5.5150
3100.0000	 308.7172	   3.3613	  16.4129	   5.4429
3200.0000	 309.1560	   3.1025	  16.6853	   5.3950
3300.0000	 309.5841	   2.8645	  16.9741	   5.3668
3400.0000	 310.0105	   2.6481	  17.2497	   5.3462
3500.0000	 310.4177	   2.4859	  17.5224	   5.3479
3600.0000	 310.8288	   2.3426	  17.7959	   5.3503
3700.0000	 311.2500	   2.2030	  18.0603	   5.3574
3800.0000	 311.6571	   2.0721	  18.3124	   5.3688
3900.0000	 312.0565	   1.9513	  18.5426	   5.3806
4000.0000	 312.4573	   1.8436	  18.7782	   5.3768
4100.0000	 312.8356	   1.7569	  18.9953	   5.3882
4200.0000	 313.1785	   1.6879	  19.1565	   5.4238
4300.0000	 313.5282	   1.6251	  19.3079	   5.4559
4400.0000	 313.8776	   1.5649	  19.4568	   5.4741
4500.0000	 314.2257	   1.5048	  19.6103	   5.4685
4600.0000	 314.5719	   1.4501	  19.7550	   5.4618
4700.0000	 314.9182	   1.3993	  19.9053	   5.4582
4800.0000	 315.2533	   1.3485	  20.0756	   5.4165
4900.0000	 315.5892	   1.3011	  20.2544	   5.3647
5000.0000	 315.9220	   1.2590	  20.4285	   5.3197
5100.0000	 316.2601	   1.2193	  20.6082	   5.2744
5200.0000	 316.6123	   1.1737	  20.8174	   5.2238
5300.0000	 316.9735	   1.1294	  21.0350	   5.1871
5400.0000	 317.3520	   1.0862	  21.2750	   5.1735
5500.0000	 317.7510	   1.0405	  21.5476	   5.1706
5600.0000	 318.1644	   0.9843	  21.8562	   5.1674
5700.0000	 318.5876	   0.9308	  22.1744	   5.1750
5800.0000	 319.0230	   0.8796	  22.4982	   5.1953
5900.0000	 319.4779	   0.8252	  22.8821	   5.2809
6000.0000	 319.9411	   0.7723	  23.2579	   5.4103
6100.0000	 320.4185	   0.7227	  23.6441	   5.5556
6200.0000	 320.9061	   0.6761	  24.0382	   5.7165
6300.0000	 321.3844	   0.6314	  24.4318	   5.8935
6400.0000	 321.8522	   0.5898	  24.8021	   6.0935
6500.0000	 322.3216	   0.5500	  25.1776	   6.2891
6600.0000	 322.7889	   0.5177	  25.5579	   6.4912
6700.0000	 323.2414	   0.4889	  25.9347	   6.6965
6800.0000	 323.6616	   0.4636	  26.2706	   6.9341
6900.0000	 324.0773	   0.4400	  26.5894	   7.1732
7000.0000	 324.4958	   0.4171	  26.9256	   7.3979
7100.0000	 324.9183	   0.3968	  27.2729	   7.6138
7200.0000	 325.2883	   0.3837	  27.5641	   7.7974
7300.0000	 325.6410	   0.3712	  27.8579	   7.9574
7400.0000	 325.9898	   0.3599	  28.1474	   8.0941
7500.0000	 326.3304	   0.3463	  28.4456	   8.2188
7600.0000	 326.6660	   0.3320	  28.7318	   8.3312
7700.0000	 326.9681	   0.3169	  29.0132	   8.4106
7800.0000	 327.2694	   0.3031	  29.3038	   8.4785
7900.0000	 327.5693	   0.2895	  29.5962	   8.5194
8000.0000	 327.8632	   0.2752	  29.8941	   8.5715
8100.0000	 328.1599	   0.2611	  30.1956	   8.6224
8200.0000	 328.4380	   0.2490	  30.4994	   8.6441
8300.0000	 328.7155	   0.2382	  30.8047	   8.6612
8400.0000	 328.9994	   0.2281	  31.1256	   8.6674
8500.0000	 329.2897	   0.2173	  31.4315	   8.6912
8600.0000	 329.5965	   0.2073	  31.7600	   8.7368
8700.0000	 329.9114	   0.1997	  32.1132	   8.7724
8800.0000	 330.2201	   0.1926	  32.4788	   8.7876
8900.0000	 330.5331	   0.1856	  32.8544	   8.8088
9000.0000	 330.8621	   0.1792	  33.2347	   8.8429
9100.0000	 331.2072	   0.1726	  33.5800	   8.8791
9200.0000	 331.5611	   0.1667	  33.9406	   8.8879
9300.0000	 331.9166	   0.1610	  34.3247	   8.8871
9400.0000	 332.2712	   0.1553	  34.7224	   8.8850
9500.0000	 332.6293	   0.1493	  35.1165	   8.9024
9600.0000	 332.9874	   0.1439	  35.4841	   8.9306
9700.0000	 333.3415	   0.1385	  35.8215	   8.9365
9800.0000	 333.6513	   0.1321	  36.1274	   8.8518
9900.0000	 333.9548	   0.1257	  36.4262	   8.7606
10000.0000	 334.2601	   0.1193	  36.7229	   8.6782
10100.0000	 334.5708	   0.1129	  37.0026	   8.6147
10200.0000	 334.8884	   0.1067	  37.2706	   8.5538
10300.0000	 335.2118	   0.1009	  37.5368	   8.4765
10400.0000	 335.5289	   0.0948	  37.7721	   8.4171
10500.0000	 335.8420	   0.0884	  38.0176	   8.3524
10600.0000	 336.1535	   0.0822	  38.2662	   8.2794
10700.0000	 336.4679	   0.0763	  38.5062	   8.2126
10800.0000	 336.7903	   0.0708	  38.7406	   8.1565
10900.0000	 337.1376	   0.0656	  38.9615	   8.0856
11000.0000	 337.5168	   0.0608	  39.1321	   7.9491
11100.0000	 338.0099	   0.0565	  39.1050	   7.8735
11200.0000	 338.5287	   0.0526	  39.0574	   7.8418
11300.0000	 339.0651	   0.0491	  39.0229	   7.8021
11400.0000	 339.6156	   0.0458	  38.9971	   7.7462
11500.0000	 340.1829	   0.0428	  39.0074	   7.7047
11600.0000	 340.7796	   0.0399	  39.0274	   7.6600
11700.0000	 341.4294	   0.0373	  39.0262	   7.5988
11800.0000	 342.1996	   0.0352	  39.0424	   7.4335
11900.0000	 343.0887	   0.0335	  39.0912	   7.2182
12000.0000	 344.0686	   0.0319	  39.1394	   7.0682
12100.0000	 345.0980	   0.0305	  39.1503	   6.9097
12200.0000	 346.1638	   0.0291	  39.1653	   6.7497
12300.0000	 347.2574	   0.0278	  39.1876	   6.5844
12400.0000	 348.3833	   0.0265	  39.2059	   6.4094
12500.0000	 349.5345	   0.0253	  39.2129	   6.2106
12600.0000	 350.7170	   0.0241	  39.1556	   6.0353
12700.0000	 351.9179	   0.0233	  38.9174	   5.7741
12800.0000	 353.1695	   0.0224	  38.5371	   5.4691
12900.0000	 354.4323	   0.0216	  38.0197	   5.1718
13000.0000	 355.7245	   0.0207	  37.4521	   4.8824
13100.0000	 357.0517	   0.0198	  36.8191	   4.5726
13200.0000	 358.4084	   0.0189	  36.1868	   4.2615
13300.0000	 359.7990	   0.0180	  35.5553	   3.9491
13400.0000	 361.2092	   0.0171	  34.9188	   3.6679
13500.0000	 362.6485	   0.0162	  34.2735	   3.4124
13600.0000	 364.0814	   0.0155	  33.6406	   3.3391
13700.0000	 365.5435	   0.0148	  33.0574	   3.3838
13800.0000	 367.0004	   0.0142	  32.5106	   3.3912
13900.0000	 368.5145	   0.0136	  31.9674	   3.4185
14000.0000	 370.0478	   0.0130	  31.4309	   3.4953
14100.0000	 371.6240	   0.0125	  30.8659	   3.6015
14200.0000	 373.2297	   0.0119	  30.3000	   3.7109
14300.0000	 374.8727	   0.0114	  29.7324	   3.8179
14400.0000	 376.5481	   0.0108	  29.1671	   3.9256
14500.0000	 378.2637	   0.0102	  28.6038	   4.0306
14600.0000	 380.0105	   0.0097	  28.0485	   4.1329
14700.0000	 381.6872	   0.0091	  27.5174	   4.1932
14800.0000	 383.2211	   0.0087	  26.9635	   4.0994
14900.0000	 384.7266	   0.0082	  26.3503	   3.9997
15000.0000	 386.2586	   0.0078	  25.7371	   3.9226
15100.0000	 387.2586	   0.0078	  25.7371	   3.9226
15200.0000	 388.2586	   0.0078	  25.7371	   3.9226
15300.0000	 389.2586	   0.0078	  25.7371	   3.9226
15400.0000	 390.2586	   0.0078	  25.7371	   3.9226
15500.0000	 391.2586	   0.0078	  25.7371	   3.9226
15600.0000	 392.2586	   0.0078	  25.7371	   3.9226
15700.0000	 393.2586	   0.0078	  25.7371	   3.9226
15800.0000	 394.2586	   0.0078	  25.7371	   3.9226
15900.0000	 395.2586	   0.0078	  25.7371	   3.9226
16000.0000	 396.2586	   0.0078	  25.7371	   3.9226
16100.0000	 397.2586	   0.0078	  25.7371	   3.9226
16200.0000	 398.2586	   0.0078	  25.7371	   3.9226
16300.0000	 399.2586	   0.0078	  25.7371	   3.9226
16400.0000	 400.2586	   0.0078	  25.7371	   3.9226
16500.0000	 401.2586	   0.0078	  25.7371	   3.9226
16600.0000	 402.2586	   0.0078	  25.7371	   3.9226
16700.0000	 403.2586	   0.0078	  25.7371	   3.9226
16800.0000	 404.2586	   0.0078	  25.7371	   3.9226
16900.0000	 405.2586	   0.0078	  25.7371	   3.9226
17000.0000	 406.2586	   0.0078	  25.7371	   3.9226
17100.0000	 407.2586	   0.0078	  25.7371	   3.9226
17200.0000	 408.2586	   0.0078	  25.7371	   3.9226
17300.0000	 409.2586	   0.0078	  25.7371	   3.9226
17400.0000	 410.2586	   0.0078	  25.7371	   3.9226
17500.0000	 411.2586	   0.0078	  25.7371	   3.9226
17600.0000	 412.2586	   0.0078	  25.7371	   3.9226
17700.0000	 413.2586	   0.0078	  25.7371	   3.9226
17800.0000	 414.2586	   0.0078	  25.7371	   3.9226
17900.0000	 415.2586	   0.0078	  25.7371	   3.9226
18000.0000	 416.2586	   0.0078	  25.7371	   3.9226
18100.0000	 417.2586	   0.0078	  25.7371	   3.9226
18200.0000	 418.2586	   0.0078	  25.7371	   3.9226
18300.0000	 419.2586	   0.0078	  25.7371	   3.9226
18400.0000	 420.2586	   0.0078	  25.7371	   3.9226
18500.0000	 421.2586	   0.0078	  25.7371	   3.9226
18600.0000	 422.2586	   0.0078	  25.7371	   3.9226
18700.0000	 423.2586	   0.0078	  25.7371	   3.9226
18800.0000	 424.2586	   0.0078	  25.7371	   3.9226
18900.0000	 425.2586	   0.0078	  25.7371	   3.9226
19000.0000	 426.2586	   0.0078	  25.7371	   3.9226
19100.0000	 427.2586	   0.0078	  25.7371	   3.9226
19200.0000	 428.2586	   0.0078	  25.7371	   3.9226
19300.0000	 429.2586	   0.0078	  25.7371	   3.9226
19400.0000	 430.2586	   0.0078	  25.7371	   3.9226
19500.0000	 431.2586	   0.0078	  25.7371	   3.9226
19600.0000	 432.2586	   0.0078	  25.7371	   3.9226
19700.0000	 433.2586	   0.0078	  25.7371	   3.9226
19800.0000	 434.2586	   0.0078	  25.7371	   3.9226
19900.0000	 435.2586	   0.0078	  25.7371	   3.9226
20000.0000	 436.2586	   0.0078	  25.7371	   3.9226
