 977.7936	 300.0201	  15.2808
 100.0000	 300.0878	  14.7839	   4.8473	   5.6001
 200.0000	 300.1504	  14.5534	   6.1854	   6.8683
 300.0000	 300.2012	  14.4064	   7.2576	   7.7157
 400.0000	 300.2634	  14.2136	   8.3027	   8.4134
 500.0000	 300.3707	  13.9859	   9.3510	   8.9851
 600.0000	 300.5204	  13.7391	  10.3554	   9.3871
 700.0000	 300.7433	  13.4311	  11.4663	   9.5633
 800.0000	 301.0380	  13.1230	  12.6262	   9.6797
 900.0000	 301.4318	  12.8351	  13.7742	   9.6316
1000.0000	 301.9158	  12.5402	  14.9056	   9.4465
1100.0000	 302.3700	  12.2688	  15.9160	   9.2472
1200.0000	 302.8252	  12.0245	  16.7835	   8.8643
1300.0000	 303.3013	  11.7708	  17.6030	   8.4420
1400.0000	 303.7454	  11.4155	  18.2961	   7.9511
1500.0000	 304.1580	  11.0096	  18.9269	   7.4195
1600.0000	 304.5807	  10.5854	  19.5046	   6.9016
1700.0000	 304.9859	  10.0979	  19.9149	   6.5360
1800.0000	 305.3630	   9.6169	  20.2809	   6.1927
1900.0000	 305.7727	   9.1166	  20.6457	   5.9008
2000.0000	 306.2443	   8.7008	  21.0179	   5.7127
2100.0000	 306.7231	   8.2515	  21.3379	   5.5489
2200.0000	 307.1547	   7.7028	  21.6274	   5.3720
2300.0000	 307.5908	   7.0954	  21.8479	   5.1681
2400.0000	 308.0634	   6.5041	  22.0316	   4.9933
2500.0000	 308.5370	   6.0222	  22.2152	   4.8587
2600.0000	 309.0003	   5.6105	  22.3615	   4.7040
2700.0000	 309.4597	   5.2396	  22.4777	   4.5566
2800.0000	 309.9236	   4.9536	  22.5737	   4.4766
2900.0000	 310.3976	   4.6905	  22.6792	   4.4340
3000.0000	 310.9329	   4.4726	  22.7792	   4.3666
3100.0000	 311.4395	   4.2542	  22.8782	   4.2229
3200.0000	 311.9562	   4.0529	  22.9857	   4.1317
3300.0000	 312.4446	   3.8412	  23.1302	   4.0034
3400.0000	 312.8978	   3.6492	  23.3308	   3.7899
3500.0000	 313.3477	   3.4721	  23.5473	   3.5490
3600.0000	 313.7299	   3.3013	  23.8329	   3.2794
3700.0000	 314.0879	   3.1438	  24.1400	   3.0029
3800.0000	 314.4425	   2.9798	  24.4563	   2.7138
3900.0000	 314.7523	   2.8334	  24.7448	   2.4239
4000.0000	 315.0387	   2.6970	  25.0286	   2.1618
4100.0000	 315.3336	   2.5618	  25.3119	   1.8938
4200.0000	 315.5945	   2.4649	  25.5722	   1.6532
4300.0000	 315.8200	   2.3937	  25.8099	   1.4351
4400.0000	 316.0448	   2.3205	  26.0463	   1.2304
4500.0000	 316.2812	   2.2469	  26.2795	   1.0272
4600.0000	 316.5330	   2.1774	  26.4717	   0.8299
4700.0000	 316.8112	   2.1140	  26.6516	   0.6723
4800.0000	 317.1004	   2.0538	  26.8190	   0.5135
4900.0000	 317.4151	   1.9871	  26.9614	   0.3553
5000.0000	 317.7662	   1.9200	  27.0771	   0.2219
5100.0000	 318.1390	   1.8554	  27.1865	   0.0941
5200.0000	 318.5278	   1.7878	  27.3093	  -0.0439
5300.0000	 318.9458	   1.7212	  27.4084	  -0.1996
5400.0000	 319.3769	   1.6479	  27.5282	  -0.3676
5500.0000	 319.8238	   1.5742	  27.6068	  -0.5446
5600.0000	 320.2882	   1.4974	  27.6869	  -0.7324
5700.0000	 320.7605	   1.4243	  27.7902	  -0.9350
5800.0000	 321.2189	   1.3499	  27.8923	  -1.1495
5900.0000	 321.6698	   1.2791	  27.9650	  -1.3560
6000.0000	 322.1093	   1.2091	  27.9970	  -1.5355
6100.0000	 322.5317	   1.1378	  28.0160	  -1.7001
6200.0000	 322.9437	   1.0708	  28.0133	  -1.8763
6300.0000	 323.3490	   1.0078	  28.0069	  -2.0358
6400.0000	 323.7456	   0.9469	  28.0024	  -2.1524
6500.0000	 324.1132	   0.8879	  27.9831	  -2.2458
6600.0000	 324.4762	   0.8342	  27.9609	  -2.3360
6700.0000	 324.8360	   0.7853	  27.9479	  -2.4169
6800.0000	 325.1948	   0.7391	  27.9436	  -2.4714
6900.0000	 325.5409	   0.6947	  27.9427	  -2.4847
7000.0000	 325.8807	   0.6553	  27.9370	  -2.5028
7100.0000	 326.2255	   0.6189	  27.9274	  -2.5177
7200.0000	 326.5642	   0.5857	  27.9228	  -2.5332
7300.0000	 326.8856	   0.5548	  27.9588	  -2.5694
7400.0000	 327.2071	   0.5256	  28.0011	  -2.5989
7500.0000	 327.5308	   0.4978	  28.0185	  -2.6167
7600.0000	 327.8580	   0.4717	  28.0362	  -2.6364
7700.0000	 328.1764	   0.4489	  28.0613	  -2.6799
7800.0000	 328.4734	   0.4307	  28.1030	  -2.7978
7900.0000	 328.7830	   0.4129	  28.1326	  -2.9113
8000.0000	 329.0976	   0.3944	  28.1436	  -3.0316
8100.0000	 329.4206	   0.3764	  28.1559	  -3.1614
8200.0000	 329.7379	   0.3595	  28.1784	  -3.3281
8300.0000	 330.0291	   0.3456	  28.1946	  -3.5497
8400.0000	 330.3382	   0.3328	  28.1887	  -3.7698
8500.0000	 330.6583	   0.3207	  28.1671	  -3.9950
8600.0000	 330.9856	   0.3087	  28.1386	  -4.2236
8700.0000	 331.3070	   0.2954	  28.1185	  -4.4759
8800.0000	 331.6188	   0.2827	  28.0747	  -4.7411
8900.0000	 331.9272	   0.2704	  28.0386	  -5.0305
9000.0000	 332.2356	   0.2592	  28.0253	  -5.3346
9100.0000	 332.5572	   0.2483	  28.0091	  -5.6228
9200.0000	 332.8835	   0.2373	  27.9996	  -5.9149
9300.0000	 333.1979	   0.2259	  27.9858	  -6.2209
9400.0000	 333.4944	   0.2136	  27.9683	  -6.5310
9500.0000	 333.7770	   0.2014	  27.9681	  -6.8306
9600.0000	 334.0692	   0.1898	  27.9873	  -7.1207
9700.0000	 334.3799	   0.1790	  28.0222	  -7.3969
9800.0000	 334.6908	   0.1686	  28.0584	  -7.6676
9900.0000	 334.9982	   0.1588	  28.0861	  -7.9290
10000.0000	 335.2976	   0.1491	  28.1207	  -8.1720
10100.0000	 335.5821	   0.1392	  28.1454	  -8.3565
10200.0000	 335.8739	   0.1297	  28.1736	  -8.5356
10300.0000	 336.1836	   0.1209	  28.1923	  -8.7112
10400.0000	 336.5028	   0.1126	  28.1859	  -8.8812
10500.0000	 336.8181	   0.1048	  28.1964	  -9.0392
10600.0000	 337.1199	   0.0977	  28.2072	  -9.2120
10700.0000	 337.4026	   0.0910	  28.2133	  -9.3666
10800.0000	 337.6716	   0.0846	  28.1965	  -9.4859
10900.0000	 337.9563	   0.0787	  28.1773	  -9.6018
11000.0000	 338.2417	   0.0731	  28.1826	  -9.7297
11100.0000	 338.5868	   0.0680	  28.2021	  -9.8703
11200.0000	 338.9546	   0.0633	  28.2289	  -9.9834
11300.0000	 339.3199	   0.0592	  28.2775	 -10.0798
11400.0000	 339.6905	   0.0554	  28.3216	 -10.1811
11500.0000	 340.0871	   0.0520	  28.3650	 -10.2773
11600.0000	 340.5048	   0.0488	  28.4012	 -10.3701
11700.0000	 340.9434	   0.0458	  28.4521	 -10.4596
11800.0000	 341.3921	   0.0428	  28.5185	 -10.5444
11900.0000	 341.8232	   0.0402	  28.5478	 -10.5289
12000.0000	 342.3257	   0.0378	  28.6655	 -10.3503
12100.0000	 342.9003	   0.0355	  28.7720	 -10.1135
12200.0000	 343.4987	   0.0335	  28.8739	  -9.9289
12300.0000	 344.1355	   0.0317	  28.9817	  -9.7660
12400.0000	 344.8230	   0.0299	  29.0853	  -9.6148
12500.0000	 345.5389	   0.0283	  29.2063	  -9.4678
12600.0000	 346.2955	   0.0269	  29.3466	  -9.3289
12700.0000	 347.1188	   0.0256	  29.4730	  -9.2007
12800.0000	 348.0518	   0.0245	  29.4667	  -9.2776
12900.0000	 348.9832	   0.0235	  29.3750	  -9.2604
13000.0000	 349.9338	   0.0225	  29.2145	  -9.1710
13100.0000	 350.8937	   0.0215	  28.9978	  -9.0386
13200.0000	 351.9182	   0.0206	  28.7010	  -8.8980
13300.0000	 352.9557	   0.0198	  28.3524	  -8.7218
13400.0000	 354.0304	   0.0191	  27.9848	  -8.5579
13500.0000	 355.1800	   0.0184	  27.5715	  -8.4345
13600.0000	 356.4171	   0.0178	  27.0916	  -8.3193
13700.0000	 357.7981	   0.0173	  26.5204	  -8.1244
13800.0000	 359.2371	   0.0169	  25.9589	  -7.9402
13900.0000	 360.6556	   0.0166	  25.4685	  -7.8590
14000.0000	 362.1118	   0.0162	  25.0257	  -7.7465
14100.0000	 363.6175	   0.0159	  24.5727	  -7.6050
14200.0000	 365.1611	   0.0156	  24.1250	  -7.4624
14300.0000	 366.7222	   0.0153	  23.7357	  -7.3489
14400.0000	 368.2968	   0.0149	  23.3774	  -7.2219
14500.0000	 369.8840	   0.0146	  23.0351	  -7.0663
14600.0000	 371.4769	   0.0142	  22.6854	  -6.8582
14700.0000	 373.0766	   0.0139	  22.3447	  -6.6084
14800.0000	 374.5459	   0.0135	  22.1366	  -6.2938
14900.0000	 376.0501	   0.0130	  21.9843	  -5.9492
15000.0000	 377.7365	   0.0125	  21.7159	  -5.5812
15100.0000	 378.7365	   0.0125	  21.7159	  -5.5812
15200.0000	 379.7365	   0.0125	  21.7159	  -5.5812
15300.0000	 380.7365	   0.0125	  21.7159	  -5.5812
15400.0000	 381.7365	   0.0125	  21.7159	  -5.5812
15500.0000	 382.7365	   0.0125	  21.7159	  -5.5812
15600.0000	 383.7365	   0.0125	  21.7159	  -5.5812
15700.0000	 384.7365	   0.0125	  21.7159	  -5.5812
15800.0000	 385.7365	   0.0125	  21.7159	  -5.5812
15900.0000	 386.7365	   0.0125	  21.7159	  -5.5812
16000.0000	 387.7365	   0.0125	  21.7159	  -5.5812
16100.0000	 388.7365	   0.0125	  21.7159	  -5.5812
16200.0000	 389.7365	   0.0125	  21.7159	  -5.5812
16300.0000	 390.7365	   0.0125	  21.7159	  -5.5812
16400.0000	 391.7365	   0.0125	  21.7159	  -5.5812
16500.0000	 392.7365	   0.0125	  21.7159	  -5.5812
16600.0000	 393.7365	   0.0125	  21.7159	  -5.5812
16700.0000	 394.7365	   0.0125	  21.7159	  -5.5812
16800.0000	 395.7365	   0.0125	  21.7159	  -5.5812
16900.0000	 396.7365	   0.0125	  21.7159	  -5.5812
17000.0000	 397.7365	   0.0125	  21.7159	  -5.5812
17100.0000	 398.7365	   0.0125	  21.7159	  -5.5812
17200.0000	 399.7365	   0.0125	  21.7159	  -5.5812
17300.0000	 400.7365	   0.0125	  21.7159	  -5.5812
17400.0000	 401.7365	   0.0125	  21.7159	  -5.5812
17500.0000	 402.7365	   0.0125	  21.7159	  -5.5812
17600.0000	 403.7365	   0.0125	  21.7159	  -5.5812
17700.0000	 404.7365	   0.0125	  21.7159	  -5.5812
17800.0000	 405.7365	   0.0125	  21.7159	  -5.5812
17900.0000	 406.7365	   0.0125	  21.7159	  -5.5812
18000.0000	 407.7365	   0.0125	  21.7159	  -5.5812
18100.0000	 408.7365	   0.0125	  21.7159	  -5.5812
18200.0000	 409.7365	   0.0125	  21.7159	  -5.5812
18300.0000	 410.7365	   0.0125	  21.7159	  -5.5812
18400.0000	 411.7365	   0.0125	  21.7159	  -5.5812
18500.0000	 412.7365	   0.0125	  21.7159	  -5.5812
18600.0000	 413.7365	   0.0125	  21.7159	  -5.5812
18700.0000	 414.7365	   0.0125	  21.7159	  -5.5812
18800.0000	 415.7365	   0.0125	  21.7159	  -5.5812
18900.0000	 416.7365	   0.0125	  21.7159	  -5.5812
19000.0000	 417.7365	   0.0125	  21.7159	  -5.5812
19100.0000	 418.7365	   0.0125	  21.7159	  -5.5812
19200.0000	 419.7365	   0.0125	  21.7159	  -5.5812
19300.0000	 420.7365	   0.0125	  21.7159	  -5.5812
19400.0000	 421.7365	   0.0125	  21.7159	  -5.5812
19500.0000	 422.7365	   0.0125	  21.7159	  -5.5812
19600.0000	 423.7365	   0.0125	  21.7159	  -5.5812
19700.0000	 424.7365	   0.0125	  21.7159	  -5.5812
19800.0000	 425.7365	   0.0125	  21.7159	  -5.5812
19900.0000	 426.7365	   0.0125	  21.7159	  -5.5812
20000.0000	 427.7365	   0.0125	  21.7159	  -5.5812